timestamp,open,high,low,close,volume
1238544000000,1.32565,1.32625,1.3215,1.3215,6794000000
1238544900000,1.3215,1.323,1.32095,1.3223,5070900000
1238545800000,1.32225,1.32275,1.32045,1.32125,5288100000
1238546700000,1.32125,1.3222,1.3173,1.31775,5679600000
1238547600000,1.31775,1.3207,1.3177,1.3204,5755800000
1238548500000,1.3204,1.3231,1.3195,1.32245,6807300000
1238549400000,1.3224,1.32285,1.3212,1.32175,4462200000
1238550300000,1.3217,1.3227,1.3213,1.322,3187000000
1238551200000,1.32205,1.32205,1.3203,1.3208,3178300000
1238552100000,1.3208,1.3216,1.32055,1.3212,2695400000
1238553000000,1.32115,1.3223,1.3208,1.32145,3741900000
1238553900000,1.32145,1.3223,1.32125,1.32173,1337600000
1238554800000,1.32183,1.32215,1.3213,1.3219,2403800000
1238555700000,1.3219,1.32195,1.3212,1.32135,1057800000
1238556600000,1.32135,1.3217,1.3209,1.3211,2187000000
1238557500000,1.3211,1.32155,1.3203,1.32085,2349600000
1238558400000,1.32085,1.32105,1.3199,1.32075,2948900000
1238559300000,1.32075,1.3208,1.31935,1.32025,3210000000
1238560200000,1.3202,1.3207,1.3194,1.32045,4143800000
1238561100000,1.3206,1.3209,1.32004,1.32035,2242900000
1238562000000,1.32035,1.3207,1.31985,1.32005,2809900000
1238562900000,1.32,1.32005,1.31845,1.3188,4772300000
1238563800000,1.3189,1.31985,1.3187,1.31955,2632800000
1238564700000,1.31955,1.31965,1.31735,1.3186,5081000000
1238565600000,1.31875,1.31945,1.31665,1.31845,11027600000
1238566500000,1.31845,1.3198,1.3184,1.31945,12051200000
1238567400000,1.3195,1.3207,1.31925,1.32005,11994500000
1238568300000,1.32005,1.32025,1.31905,1.31925,9630554000
1238569200000,1.31925,1.32175,1.31925,1.3206,14986300000
1238570100000,1.32065,1.3211,1.31765,1.31775,12905900000
1238571000000,1.3178,1.3186,1.31715,1.3182,13059900000
1238571900000,1.3182,1.31955,1.3179,1.31955,11468200000
1238572800000,1.3196,1.3198,1.3179,1.3191,13114800000
1238573700000,1.31905,1.3203,1.31885,1.31955,12970800000
1238574600000,1.31955,1.32025,1.3188,1.3193,11406600000
1238575500000,1.3193,1.32015,1.3187,1.32005,11814700000
1238576400000,1.32005,1.32225,1.31965,1.3213,16902700000
1238577300000,1.3213,1.32215,1.31955,1.31985,12862600000
1238578200000,1.31985,1.32105,1.3196,1.32035,10472500000
1238579100000,1.32035,1.32305,1.32015,1.32285,11434200000
1238580000000,1.3229,1.324,1.3222,1.3229,12199600000
1238580900000,1.3229,1.3238,1.3227,1.3232,8045800000
1238581800000,1.3232,1.32475,1.3232,1.3237,9170500000
1238582700000,1.32365,1.32625,1.3233,1.3257,9448600000
1238583600000,1.3257,1.327,1.3251,1.3269,10759600000
1238584500000,1.3269,1.3278,1.3256,1.3266,14304600000
1238585400000,1.3267,1.3274,1.32615,1.3263,10822300000
1238586300000,1.3263,1.32735,1.3251,1.3252,11999000000
1238587200000,1.32515,1.3257,1.3246,1.3246,11599700000
1238588100000,1.32455,1.3268,1.3237,1.3251,14591900000
1238589000000,1.32505,1.32735,1.3241,1.32675,12786100000
1238589900000,1.32675,1.32725,1.32545,1.32625,12128200000
1238590800000,1.3263,1.3286,1.3263,1.32735,15354900000
1238591700000,1.3273,1.3273,1.32505,1.3254,12561300000
1238592600000,1.3254,1.3261,1.3243,1.3248,15448500000
1238593500000,1.32475,1.32595,1.32375,1.32485,15075900000
1238594400000,1.3249,1.3269,1.32485,1.32555,16060500000
1238595300000,1.32565,1.3272,1.3248,1.32505,14495300000
1238596200000,1.32505,1.3262,1.3243,1.3248,13062400000
1238597100000,1.3248,1.3251,1.322,1.3228,14390500000
1238598000000,1.3228,1.3248,1.32275,1.3231,12374800000
1238598900000,1.3231,1.3231,1.32115,1.3218,15491100000
1238599800000,1.3217,1.3224,1.32045,1.3222,12094100000
1238600700000,1.3222,1.3223,1.3204,1.3222,9323500000
1238601600000,1.32215,1.32275,1.32095,1.3224,6544100000
1238602500000,1.3224,1.3226,1.32135,1.32135,4254500000
1238603400000,1.3214,1.3224,1.3214,1.32185,3728700000
1238604300000,1.32175,1.32175,1.3207,1.3209,4791900000
1238605200000,1.32085,1.32135,1.3205,1.32105,3604700000
1238606100000,1.32105,1.3218,1.3209,1.3215,3119400000
1238607000000,1.3215,1.32195,1.321,1.3212,4263000000
1238607900000,1.3212,1.3213,1.3197,1.3205,5570300000
1238608800000,1.3205,1.32105,1.31905,1.31965,5090800000
1238609700000,1.31965,1.32145,1.3193,1.32125,5462000000
1238610600000,1.3212,1.32185,1.3205,1.32135,4961400000
1238611500000,1.3214,1.3233,1.3212,1.32315,4898500000
1238612400000,1.3233,1.3233,1.3219,1.3222,4856700000
1238613300000,1.3221,1.32375,1.32195,1.32365,4364300000
1238614200000,1.3237,1.3246,1.32335,1.3238,7322100000
1238615100000,1.32375,1.3241,1.323,1.3231,2956200000
1238616000000,1.3231,1.3237,1.3229,1.3236,1888300000
1238616900000,1.32365,1.3239,1.3227,1.32305,1631600000
1238617800000,1.32305,1.3231,1.32245,1.32305,1501400000
1238618700000,1.32305,1.3247,1.32305,1.32461,1638200000
1238619600000,1.32459,1.32488,1.32265,1.3229,2075400000
1238620500000,1.3229,1.32355,1.32285,1.3233,695200000
1238621400000,1.3233,1.3234,1.32275,1.3229,759200000
1238622300000,1.3228,1.3237,1.32225,1.32335,731300000
1238623200000,1.3233,1.32485,1.32325,1.3244,774400000
1238624100000,1.3244,1.32455,1.3241,1.3245,794400000
1238625000000,1.32455,1.32465,1.3237,1.32375,1096700000
1238625900000,1.3238,1.3249,1.3235,1.32385,2032600000
1238626800000,1.32385,1.32425,1.3236,1.32415,728300000
1238627700000,1.3242,1.3242,1.32375,1.3238,490900000
1238628600000,1.32385,1.325,1.32365,1.3247,1260800000
1238629500000,1.3247,1.3249,1.3241,1.32435,977200000
1238630400000,1.32405,1.3256,1.324,1.3248,2738900000
1238631300000,1.3248,1.3249,1.3241,1.32435,1412800000
1238632200000,1.3244,1.32555,1.32435,1.3252,2162400000
1238633100000,1.3252,1.3264,1.32435,1.3264,2569300000
1238634000000,1.32635,1.32655,1.3256,1.32655,2700600000
1238634900000,1.32655,1.3271,1.3259,1.32695,2607700000
1238635800000,1.327,1.3277,1.3264,1.32765,3010200000
1238636700000,1.3277,1.3282,1.327,1.3277,4892700000
1238637600000,1.32755,1.3278,1.32675,1.3274,3181100000
1238638500000,1.3274,1.32905,1.32705,1.3285,3358000000
1238639400000,1.32855,1.3294,1.3271,1.3277,3952000000
1238640300000,1.3277,1.3284,1.3272,1.3274,2605700000
1238641200000,1.3274,1.32815,1.3267,1.3276,3159900000
1238642100000,1.3276,1.3282,1.3272,1.3274,2603200000
1238643000000,1.3274,1.3279,1.3271,1.3274,1476600000
1238643900000,1.3274,1.32805,1.3272,1.32725,1429000000
1238644800000,1.3273,1.3275,1.32695,1.3271,1257400000
1238645700000,1.3271,1.3278,1.3271,1.3277,1688500000
1238646600000,1.3277,1.3277,1.32615,1.3264,3321000000
1238647500000,1.32645,1.3272,1.3263,1.3268,2427800000
1238648400000,1.3268,1.3269,1.3261,1.3263,1779400000
1238649300000,1.3263,1.3274,1.3261,1.3271,1874800000
1238650200000,1.32705,1.3274,1.3266,1.3273,2494400000
1238651100000,1.3273,1.3278,1.3264,1.327,4147700000
1238652000000,1.327,1.33,1.3268,1.3297,7894400000
1238652900000,1.32975,1.3311,1.3292,1.3304,8211700000
1238653800000,1.33045,1.33075,1.3284,1.3287,8870600000
1238654700000,1.3287,1.3293,1.3279,1.32825,10069700000
1238655600000,1.32825,1.32855,1.3271,1.3273,9643000000
1238656500000,1.32735,1.3274,1.32525,1.3268,10230200000
1238657400000,1.3268,1.32765,1.3262,1.3273,7910800000
1238658300000,1.32725,1.32725,1.32505,1.32525,9216361200
1238659200000,1.3253,1.3273,1.32525,1.32695,9536600000
1238660100000,1.3269,1.327,1.32555,1.32595,9543800000
1238661000000,1.32595,1.32825,1.32575,1.3278,11021199000
1238661900000,1.32785,1.32865,1.3276,1.3277,10124000000
1238662800000,1.3277,1.33,1.3274,1.32895,9923700000
1238663700000,1.32895,1.3307,1.32895,1.3298,8151500000
1238664600000,1.3298,1.3305,1.3281,1.32915,9021900000
1238665500000,1.3291,1.3312,1.3287,1.32995,10355900000
1238666400000,1.32995,1.33295,1.3298,1.33295,9144200000
1238667300000,1.33305,1.3356,1.3329,1.335,13406800000
1238668200000,1.33505,1.33785,1.3349,1.33635,14127500000
1238669100000,1.3364,1.33695,1.3359,1.33605,13376100000
1238670000000,1.33605,1.3364,1.335,1.3355,13936600000
1238670900000,1.3355,1.3359,1.33407,1.33485,11516760000
1238671800000,1.3349,1.3349,1.3323,1.333,14958800000
1238672700000,1.33325,1.33915,1.33278,1.3361,15590100000
1238673600000,1.33615,1.3405,1.33605,1.339,18474800000
1238674500000,1.33915,1.3422,1.33895,1.3406,19009500000
1238675400000,1.34055,1.3479,1.3376,1.34755,15155600000
1238676300000,1.3476,1.34905,1.34125,1.3441,14049580000
1238677200000,1.3441,1.3447,1.3395,1.34025,14206730000
1238678100000,1.34025,1.3433,1.3388,1.343,14453190000
1238679000000,1.343,1.3443,1.34275,1.3429,13624500000
1238679900000,1.343,1.3463,1.3426,1.3451,13674200000
1238680800000,1.3452,1.3456,1.3423,1.34235,11754500000
1238681700000,1.3423,1.344,1.3408,1.34215,13583800000
1238682600000,1.34215,1.34345,1.341,1.34335,12428100000
1238683500000,1.3433,1.3453,1.343,1.34425,13345900000
1238684400000,1.3442,1.3461,1.3424,1.34315,16383700000
1238685300000,1.3432,1.3451,1.34305,1.3436,11834400000
1238686200000,1.3436,1.3448,1.34345,1.34425,9322100000
1238687100000,1.34425,1.3457,1.3437,1.3457,9810200000
1238688000000,1.3457,1.34715,1.3457,1.3463,11199900000
1238688900000,1.3463,1.35,1.34545,1.3498,11745900000
1238689800000,1.3499,1.3512,1.34885,1.3502,11255700000
1238690700000,1.3502,1.3517,1.3483,1.3484,8951100000
1238691600000,1.34835,1.34965,1.3482,1.34865,7025100000
1238692500000,1.34865,1.34865,1.3472,1.3475,5949800000
1238693400000,1.3475,1.34825,1.3474,1.3474,5002200000
1238694300000,1.34745,1.348,1.34665,1.34705,5000900000
1238695200000,1.34705,1.3471,1.3438,1.3442,9086100000
1238696100000,1.3442,1.34525,1.3423,1.34505,8348800000
1238697000000,1.345,1.3461,1.34465,1.34535,8194700000
1238697900000,1.34525,1.3453,1.3436,1.3444,5792300000
1238698800000,1.3444,1.3454,1.3439,1.3453,5883500000
1238699700000,1.34525,1.3459,1.34425,1.3447,4693700000
1238700600000,1.3448,1.3452,1.34375,1.3443,3230400000
1238701500000,1.3443,1.34435,1.3438,1.34415,3064100000
1238702400000,1.34415,1.3462,1.34415,1.3462,2296800000
1238703300000,1.3462,1.3464,1.3452,1.346,2630900000
1238704200000,1.346,1.3464,1.3458,1.3459,2171800000
1238705100000,1.3459,1.34635,1.3455,1.34595,2513400000
1238706000000,1.34595,1.3467,1.34573,1.34655,1059600000
1238706900000,1.34665,1.34665,1.3458,1.3459,1549900000
1238707800000,1.346,1.3462,1.3457,1.34595,2288000000
1238708700000,1.34605,1.3469,1.3457,1.3463,1785600000
1238709600000,1.3463,1.34675,1.34525,1.3456,2433200000
1238710500000,1.3456,1.34615,1.34548,1.3461,1523000000
1238711400000,1.3461,1.3466,1.34597,1.34634,1108400000
1238712300000,1.34638,1.3468,1.34595,1.34605,2164100000
1238713200000,1.3462,1.3464,1.34537,1.346,2722200000
1238714100000,1.346,1.34619,1.3456,1.3458,2572200000
1238715000000,1.3458,1.3463,1.34555,1.34565,1612000000
1238715900000,1.34565,1.34765,1.34555,1.3472,1600300000
1238716800000,1.3472,1.34815,1.3468,1.34725,3499800000
1238717700000,1.34725,1.3495,1.3471,1.3471,3842250000
1238718600000,1.3471,1.3473,1.345,1.3454,3067950000
1238719500000,1.34545,1.34595,1.3446,1.3459,2578200000
1238720400000,1.3459,1.3463,1.3443,1.345,3601300000
1238721300000,1.34505,1.3462,1.3445,1.345,3470500000
1238722200000,1.345,1.3458,1.345,1.3453,1738800000
1238723100000,1.3453,1.3455,1.3431,1.34355,3671700000
1238724000000,1.34355,1.34405,1.3434,1.3434,2266200000
1238724900000,1.3434,1.3436,1.3417,1.3436,4543950000
1238725800000,1.3435,1.3436,1.34305,1.3432,1895300000
1238726700000,1.34318,1.34485,1.343,1.3447,2779900000
1238727600000,1.34475,1.34475,1.3426,1.34325,3219500000
1238728500000,1.3433,1.3438,1.3423,1.3432,1462200000
1238729400000,1.34315,1.344,1.34315,1.3436,1493400000
1238730300000,1.3436,1.34455,1.3435,1.34405,1890050000
1238731200000,1.34405,1.34505,1.34375,1.3438,2149100000
1238732100000,1.3438,1.3438,1.34315,1.3434,1485000000
1238733000000,1.34335,1.34365,1.3433,1.3434,1415250000
1238733900000,1.3434,1.3434,1.3423,1.34275,2174500000
1238734800000,1.34275,1.3428,1.3406,1.3416,3909250000
1238735700000,1.3416,1.34255,1.3414,1.3416,2864000000
1238736600000,1.3416,1.34245,1.3406,1.3423,5455350000
1238737500000,1.3423,1.34335,1.342,1.3422,4110200000
1238738400000,1.3422,1.3434,1.34185,1.34335,7027600000
1238739300000,1.3434,1.34375,1.3418,1.3418,8400500000
1238740200000,1.34175,1.3419,1.33975,1.3406,12160050000
1238741100000,1.3406,1.34255,1.3401,1.3416,8589000000
1238742000000,1.3416,1.34315,1.3406,1.3427,10175300000
1238742900000,1.34285,1.3442,1.34285,1.3436,10985500000
1238743800000,1.3436,1.34365,1.3423,1.3428,9470900000
1238744700000,1.3429,1.34355,1.3414,1.343,11532800000
1238745600000,1.343,1.3448,1.34285,1.3441,9468400000
1238746500000,1.34405,1.3449,1.34335,1.34475,11345500000
1238747400000,1.3448,1.3472,1.34475,1.3463,15997200000
1238748300000,1.34635,1.34725,1.34545,1.34605,13691600000
1238749200000,1.3461,1.3468,1.3453,1.3464,11531300000
1238750100000,1.3464,1.3464,1.34515,1.3453,9728700000
1238751000000,1.3453,1.3454,1.3436,1.3442,11901800000
1238751900000,1.34415,1.34485,1.34385,1.3445,8557600000
1238752800000,1.3445,1.3449,1.3431,1.34335,11567100000
1238753700000,1.3434,1.3441,1.3422,1.3428,11302700000
1238754600000,1.34285,1.34455,1.3425,1.3435,12232700000
1238755500000,1.3435,1.344,1.34225,1.34305,8648300000
1238756400000,1.34305,1.34335,1.3423,1.34265,11387600000
1238757300000,1.3427,1.3436,1.3425,1.343,12053600000
1238758200000,1.34305,1.3434,1.34265,1.34335,8166500000
1238759100000,1.34335,1.3442,1.343,1.34365,9636900000
1238760000000,1.34365,1.34405,1.34245,1.34266,11205800000
1238760900000,1.34263,1.3449,1.34225,1.3446,9834500000
1238761800000,1.3447,1.3473,1.341,1.3414,13310700000
1238762700000,1.34137,1.3428,1.3377,1.34,14543574300
1238763600000,1.33995,1.34035,1.3365,1.33855,17072400000
1238764500000,1.33855,1.3413,1.33775,1.3409,14976000000
1238765400000,1.34095,1.342,1.34045,1.3414,15801000000
1238766300000,1.3414,1.3418,1.3395,1.34125,13881600000
1238767200000,1.34113,1.3424,1.3393,1.3415,13096790000
1238768100000,1.34145,1.344,1.34125,1.34355,11912800000
1238769000000,1.3436,1.34365,1.3415,1.3415,9125170000
1238769900000,1.34145,1.3427,1.3412,1.3423,9731470000
1238770800000,1.34235,1.34375,1.3417,1.342,9093700000
1238771700000,1.342,1.3434,1.3417,1.3427,8547190000
1238772600000,1.3427,1.3457,1.34255,1.34455,10355900000
1238773500000,1.34455,1.3456,1.34395,1.3446,7575590000
1238774400000,1.3446,1.3448,1.34345,1.34415,5665500000
1238775300000,1.34415,1.3451,1.344,1.34455,5260200000
1238776200000,1.34455,1.3447,1.3433,1.34385,4445890000
1238777100000,1.34385,1.3443,1.34335,1.34415,4008100000
1238778000000,1.34415,1.34465,1.3432,1.34325,3302400000
1238778900000,1.34325,1.3437,1.34175,1.3429,4207790000
1238779800000,1.3429,1.34345,1.3427,1.34285,5070900000
1238780700000,1.34285,1.3445,1.34285,1.34425,4862600000
1238781600000,1.34425,1.3447,1.3437,1.3442,4594800000
1238782500000,1.34423,1.347,1.3442,1.3465,5373500000
1238783400000,1.3465,1.3483,1.34625,1.3463,6908400000
1238784300000,1.34635,1.34865,1.3463,1.34855,6192500000
1238785200000,1.34855,1.34865,1.3465,1.34715,4019800000
1238786100000,1.34715,1.3485,1.3467,1.34775,2788700000
1238787000000,1.34775,1.3484,1.3472,1.348,5191200000
1238787900000,1.34795,1.3487,1.34765,1.3486,3320900000
1238788800000,1.3487,1.34905,1.3484,1.3488,1692000000
1238789700000,1.34885,1.3492,1.3484,1.3491,1195000000
1238790600000,1.34915,1.3493,1.34775,1.348,1606600000
1238791500000,1.3481,1.3486,1.3476,1.34835,1628900000
1238965200000,1.34955,1.35117,1.34934,1.35055,924500000
1238966100000,1.3506,1.35097,1.35017,1.35052,1821900000
1238967000000,1.3507,1.35145,1.35064,1.35125,1616300000
1238967900000,1.35125,1.3518,1.35085,1.3515,1383400000
1238968800000,1.3515,1.3547,1.35106,1.3545,2327970000
1238969700000,1.35444,1.35485,1.35365,1.35455,1966100000
1238970600000,1.3546,1.3552,1.354,1.3542,2620700000
1238971500000,1.3542,1.3543,1.3529,1.353,2093700000
1238972400000,1.353,1.3537,1.35222,1.3531,1622000000
1238973300000,1.3531,1.35375,1.35255,1.3527,1239600000
1238974200000,1.3527,1.3528,1.35207,1.3523,1138300000
1238975100000,1.3522,1.3546,1.352,1.3535,2072000000
1238976000000,1.3535,1.3545,1.353,1.3541,4912100000
1238976900000,1.3541,1.35445,1.35305,1.3536,3237100000
1238977800000,1.3536,1.35365,1.35215,1.3527,2456000000
1238978700000,1.3527,1.3545,1.3524,1.3543,3906400000
1238979600000,1.3543,1.3568,1.3542,1.3567,4784200000
1238980500000,1.3567,1.35785,1.3558,1.35755,4541200000
1238981400000,1.35755,1.35815,1.35565,1.35615,4099400000
1238982300000,1.35615,1.35645,1.3553,1.3556,5037500000
1238983200000,1.3556,1.35655,1.3552,1.356,3670400000
1238984100000,1.356,1.3568,1.3556,1.356,3288900000
1238985000000,1.35595,1.3571,1.35595,1.3569,3430200000
1238985900000,1.35695,1.35695,1.3557,1.3558,3341400000
1238986800000,1.3558,1.3568,1.35575,1.35665,1575200000
1238987700000,1.35665,1.3575,1.3563,1.35735,1762100000
1238988600000,1.35735,1.3575,1.3565,1.35685,2968000000
1238989500000,1.35685,1.3573,1.3564,1.35705,2027600000
1238990400000,1.35705,1.35765,1.35625,1.3566,3600600000
1238991300000,1.35665,1.3577,1.3565,1.3576,1875500000
1238992200000,1.3576,1.3577,1.3567,1.35675,1999900000
1238993100000,1.35675,1.3572,1.35605,1.3561,2580200000
1238994000000,1.3561,1.3563,1.3553,1.35535,2237900000
1238994900000,1.35535,1.3568,1.35535,1.3565,2795500000
1238995800000,1.35645,1.3567,1.3554,1.3555,2380600000
1238996700000,1.35545,1.3557,1.3552,1.35545,1516700000
1238997600000,1.35545,1.3558,1.3546,1.3558,5235700000
1238998500000,1.35575,1.35625,1.3545,1.35505,6043300000
1238999400000,1.35505,1.3553,1.35285,1.354,10762600000
1239000300000,1.35395,1.3547,1.35265,1.3528,7641400000
1239001200000,1.3528,1.3532,1.3513,1.35145,8838900000
1239002100000,1.35158,1.3541,1.35085,1.3541,9455800000
1239003000000,1.35395,1.3543,1.3531,1.3537,6600400000
1239003900000,1.35365,1.3543,1.3528,1.3531,7729600000
1239004800000,1.3531,1.3539,1.3522,1.3531,11589600000
1239005700000,1.35305,1.3552,1.35275,1.3544,11124200000
1239006600000,1.3544,1.35575,1.3541,1.3556,10954200000
1239007500000,1.3556,1.3558,1.3529,1.35325,11788500000
1239008400000,1.35325,1.35355,1.3522,1.35325,8035400000
1239009300000,1.35323,1.35365,1.3509,1.3515,10716000000
1239010200000,1.35145,1.35285,1.3513,1.35175,12650100000
1239011100000,1.35175,1.3532,1.35045,1.35095,13898300000
1239012000000,1.35095,1.3512,1.34985,1.3505,12068300000
1239012900000,1.3505,1.35145,1.35005,1.3513,7649200000
1239013800000,1.35125,1.3525,1.3509,1.35105,8583400000
1239014700000,1.35105,1.35285,1.3509,1.3524,10595600000
1239015600000,1.3524,1.3536,1.35205,1.3528,11261500000
1239016500000,1.3528,1.35325,1.3522,1.35275,7795300000
1239017400000,1.3528,1.3533,1.3515,1.3518,9357100000
1239018300000,1.3518,1.3524,1.3493,1.35025,12744800000
1239019200000,1.35025,1.3504,1.34825,1.34945,13677900000
1239020100000,1.3494,1.3499,1.34755,1.34845,15662100000
1239021000000,1.3484,1.3489,1.3472,1.3487,13756200000
1239021900000,1.34865,1.3493,1.34695,1.34735,11421500000
1239022800000,1.34735,1.34755,1.34545,1.3463,15289500000
1239023700000,1.3463,1.3464,1.3451,1.3462,14532300000
1239024600000,1.3462,1.3467,1.3442,1.34435,15512600000
1239025500000,1.34435,1.3461,1.3433,1.3454,11879000000
1239026400000,1.3454,1.34635,1.3438,1.345,13481800000
1239027300000,1.345,1.34505,1.3417,1.34225,12744300000
1239028200000,1.3423,1.34285,1.3401,1.34145,15382902400
1239029100000,1.3415,1.34185,1.3404,1.34045,12306400000
1239030000000,1.3405,1.34085,1.3367,1.33695,14598200000
1239030900000,1.337,1.3382,1.3358,1.3382,10684000000
1239031800000,1.3382,1.3388,1.3365,1.33675,12748800000
1239032700000,1.3367,1.33775,1.33605,1.3362,10594500000
1239033600000,1.33625,1.339,1.33625,1.3378,10933200000
1239034500000,1.3378,1.33825,1.33715,1.3379,6593800000
1239035400000,1.3379,1.3379,1.3362,1.33715,4198200000
1239036300000,1.3372,1.339,1.337,1.3389,3522400000
1239037200000,1.339,1.3395,1.3378,1.3394,4645400000
1239038100000,1.3393,1.3404,1.33895,1.33975,5260900000
1239039000000,1.33975,1.3399,1.33885,1.3395,4102200000
1239039900000,1.3395,1.3412,1.3394,1.34065,3720500000
1239040800000,1.34065,1.3417,1.34035,1.3406,7259500000
1239041700000,1.3406,1.34135,1.34005,1.3413,3981100000
1239042600000,1.34145,1.34145,1.33925,1.3399,4092900000
1239043500000,1.3399,1.3407,1.3393,1.3393,3782000000
1239044400000,1.3393,1.3403,1.3392,1.3393,3409700000
1239045300000,1.33925,1.3405,1.3392,1.3399,4432200000
1239046200000,1.3399,1.3404,1.3395,1.3401,3347000000
1239047100000,1.34005,1.34165,1.3399,1.3406,4813200000
1239048000000,1.3406,1.34155,1.34055,1.34125,1682400000
1239048900000,1.34125,1.3413,1.34035,1.3405,1204700000
1239049800000,1.34055,1.3411,1.3405,1.34075,1409900000
1239050700000,1.3408,1.3426,1.3406,1.34155,2735000000
1239051600000,1.3416,1.3418,1.34065,1.34095,1574200000
1239052500000,1.34095,1.34095,1.34047,1.34065,947400000
1239053400000,1.34065,1.3408,1.3394,1.33975,2004600000
1239054300000,1.3397,1.3401,1.3396,1.33995,1034600000
1239055200000,1.33995,1.34045,1.33891,1.33905,1823600000
1239056100000,1.33915,1.3396,1.33875,1.3392,2229300000
1239057000000,1.33925,1.3401,1.33888,1.3398,1331700000
1239057900000,1.3398,1.3405,1.33945,1.3404,1704900000
1239058800000,1.3404,1.3408,1.3399,1.3399,1562500000
1239059700000,1.3399,1.3399,1.3368,1.33705,2783700000
1239060600000,1.33705,1.33735,1.3336,1.3347,4787500000
1239061500000,1.33465,1.3351,1.3322,1.3322,4325400000
1239062400000,1.3322,1.33495,1.33215,1.3343,5567500000
1239063300000,1.33435,1.3356,1.3342,1.33505,5265900000
1239064200000,1.33505,1.3354,1.3335,1.33455,3523000000
1239065100000,1.33455,1.33575,1.3336,1.33425,5154500000
1239066000000,1.33415,1.3354,1.33415,1.3348,2827200000
1239066900000,1.33465,1.336,1.33435,1.3349,3957200000
1239067800000,1.3349,1.33605,1.3348,1.336,3298100000
1239068700000,1.336,1.3365,1.3354,1.3363,3178300000
1239069600000,1.33625,1.33635,1.33545,1.3356,2505500000
1239070500000,1.33565,1.3362,1.33505,1.3352,3559300000
1239071400000,1.3353,1.3365,1.33515,1.33595,2564700000
1239072300000,1.33595,1.3366,1.33595,1.3364,1954800000
1239073200000,1.3364,1.33645,1.3353,1.33575,1977000000
1239074100000,1.33575,1.3358,1.3351,1.3354,1449400000
1239075000000,1.3354,1.3367,1.33535,1.33625,2218800000
1239075900000,1.33625,1.337,1.33605,1.33615,2730600000
1239076800000,1.33615,1.3367,1.3361,1.3366,2077400000
1239077700000,1.3366,1.3367,1.3358,1.3358,1824600000
1239078600000,1.3358,1.3384,1.33475,1.338,4925600000
1239079500000,1.33805,1.3382,1.3371,1.33785,2815600000
1239080400000,1.33785,1.33785,1.3355,1.3364,4534200000
1239081300000,1.3364,1.3365,1.33385,1.3344,4059800000
1239082200000,1.3344,1.3355,1.3341,1.33485,5022000000
1239083100000,1.33505,1.33675,1.33505,1.33655,4616200000
1239084000000,1.33655,1.3373,1.33622,1.337,6588200000
1239084900000,1.337,1.3379,1.3366,1.3377,6203100000
1239085800000,1.3377,1.3388,1.3376,1.33865,9735800000
1239086700000,1.33865,1.33945,1.33725,1.33835,14233200000
1239087600000,1.33835,1.3397,1.33785,1.3379,14639700000
1239088500000,1.3379,1.3386,1.33585,1.3363,11493000000
1239089400000,1.33635,1.3371,1.3358,1.3362,10070500000
1239090300000,1.3362,1.3362,1.33425,1.3356,12282500000
1239091200000,1.3356,1.33655,1.33505,1.3363,9408200000
1239092100000,1.3363,1.3364,1.33555,1.33575,7691400000
1239093000000,1.33575,1.3359,1.3325,1.3332,11293600000
1239093900000,1.33315,1.3338,1.3324,1.33325,12910000000
1239094800000,1.33335,1.33335,1.32785,1.3281,13185350000
1239095700000,1.3281,1.32855,1.3263,1.32715,12751400000
1239096600000,1.32715,1.3276,1.32625,1.32655,12532100000
1239097500000,1.32655,1.3279,1.32625,1.3278,12683200000
1239098400000,1.32775,1.32775,1.32495,1.3257,12220800000
1239099300000,1.3257,1.327,1.3247,1.32605,11772800000
1239100200000,1.32605,1.32705,1.3253,1.32555,9210900000
1239101100000,1.32555,1.3268,1.32305,1.3239,12497800000
1239102000000,1.3239,1.3246,1.32315,1.324,13150200000
1239102900000,1.3239,1.3244,1.32265,1.3236,12162300000
1239103800000,1.32355,1.326,1.32355,1.32575,11703300000
1239104700000,1.32575,1.32675,1.32545,1.32555,11986000000
1239105600000,1.3256,1.3268,1.32485,1.3254,10826800000
1239106500000,1.32545,1.32685,1.32495,1.3264,11837000000
1239107400000,1.3264,1.3276,1.32635,1.32735,11528900000
1239108300000,1.32735,1.3286,1.327,1.32785,13373400000
1239109200000,1.3278,1.3283,1.32705,1.3273,11588700000
1239110100000,1.3273,1.32875,1.32685,1.3276,12629700000
1239111000000,1.3277,1.3283,1.3255,1.3266,15029300000
1239111900000,1.3265,1.3266,1.32415,1.326,14142300000
1239112800000,1.326,1.3267,1.3248,1.32655,13477900000
1239113700000,1.3266,1.32855,1.3263,1.32765,15757900000
1239114600000,1.3277,1.32885,1.32755,1.3282,13544400000
1239115500000,1.3282,1.3291,1.3265,1.3273,15865100000
1239116400000,1.3273,1.3278,1.32665,1.3271,10549000000
1239117300000,1.32705,1.32785,1.32635,1.32715,10869800000
1239118200000,1.32715,1.3289,1.32675,1.328,11456300000
1239119100000,1.32805,1.3298,1.3277,1.32805,8424500000
1239120000000,1.3281,1.32815,1.3267,1.328,8733000000
1239120900000,1.32815,1.32895,1.32755,1.3276,7324700000
1239121800000,1.3276,1.3283,1.32725,1.3274,4136000000
1239122700000,1.3274,1.3276,1.3268,1.327,3139700000
1239123600000,1.327,1.32735,1.3253,1.32545,4928161594
1239124500000,1.3254,1.3262,1.3249,1.32575,4777474084
1239125400000,1.3258,1.3262,1.3244,1.325,6590800000
1239126300000,1.325,1.3267,1.3246,1.32635,5658000000
1239127200000,1.3263,1.32655,1.32535,1.32635,5157500000
1239128100000,1.3264,1.3265,1.32585,1.32625,2797000000
1239129000000,1.3263,1.3264,1.3251,1.32515,3264500000
1239129900000,1.32515,1.3257,1.3249,1.3254,4328700000
1239130800000,1.3254,1.32825,1.32535,1.328,4913600000
1239131700000,1.328,1.32945,1.3273,1.3273,6155600000
1239132600000,1.3273,1.32785,1.3268,1.3273,4038500000
1239133500000,1.32745,1.32765,1.3264,1.32665,6297000000
1239134400000,1.32665,1.3272,1.32645,1.32695,3664200000
1239135300000,1.32695,1.3271,1.3263,1.32685,1551000000
1239136200000,1.32685,1.32705,1.3264,1.3265,1812100000
1239137100000,1.32655,1.3273,1.3263,1.3271,2070200000
1239138000000,1.32705,1.3273,1.3265,1.32688,1181800000
1239138900000,1.32685,1.32705,1.32635,1.3268,1563700000
1239139800000,1.3268,1.3269,1.32615,1.32645,1496200000
1239140700000,1.32645,1.32705,1.32615,1.32665,1588500000
1239141600000,1.32665,1.3271,1.32665,1.32685,2382200000
1239142500000,1.32685,1.32775,1.3266,1.3274,4602600000
1239143400000,1.3274,1.328,1.32735,1.3277,2128700000
1239144300000,1.3277,1.3283,1.3268,1.328,2144500000
1239145200000,1.328,1.3281,1.32755,1.3276,1497100000
1239146100000,1.32755,1.3276,1.3264,1.3267,2664900000
1239147000000,1.3267,1.3277,1.32625,1.32735,2418900000
1239147900000,1.32735,1.32755,1.3266,1.3268,2334600000
1239148800000,1.3268,1.3268,1.3245,1.3248,5858500000
1239149700000,1.3247,1.32515,1.32125,1.3214,7389900000
1239150600000,1.3214,1.3223,1.3193,1.3218,9875100000
1239151500000,1.32195,1.3223,1.31895,1.3203,8294000000
1239152400000,1.3203,1.32085,1.3182,1.3196,9110300000
1239153300000,1.3196,1.3216,1.31955,1.321,6047400000
1239154200000,1.321,1.3215,1.32025,1.32125,4587000000
1239155100000,1.32125,1.32185,1.3197,1.3218,3425900000
1239156000000,1.3218,1.3221,1.31855,1.31945,7200500000
1239156900000,1.3194,1.3208,1.31915,1.3207,6021900000
1239157800000,1.3207,1.3207,1.31875,1.3198,6172000000
1239158700000,1.31975,1.3199,1.31765,1.3185,5885400000
1239159600000,1.3185,1.3201,1.31845,1.31955,5427000000
1239160500000,1.31955,1.3207,1.3194,1.3201,4628300000
1239161400000,1.3201,1.3204,1.31825,1.3195,5791200000
1239162300000,1.3195,1.3203,1.3194,1.3199,4623400000
1239163200000,1.3199,1.3208,1.31985,1.32025,4939900000
1239164100000,1.3202,1.32115,1.32005,1.3207,4860400000
1239165000000,1.3207,1.3207,1.3177,1.31805,6012500000
1239165900000,1.3181,1.3186,1.3169,1.3178,6956700000
1239166800000,1.3179,1.3188,1.3166,1.3169,6599500000
1239167700000,1.3169,1.3177,1.3166,1.317,5960000000
1239168600000,1.317,1.3184,1.31665,1.3182,6401200000
1239169500000,1.3182,1.3186,1.3174,1.318,8813000000
1239170400000,1.318,1.31925,1.3178,1.31855,9400000000
1239171300000,1.31855,1.3189,1.3168,1.31805,8516900000
1239172200000,1.3181,1.31845,1.31535,1.3156,11318500000
1239173100000,1.3156,1.31715,1.3148,1.3167,11287600000
1239174000000,1.3167,1.31805,1.31665,1.3173,12070400000
1239174900000,1.3173,1.31885,1.3169,1.3187,12315300000
1239175800000,1.3187,1.31995,1.3184,1.31975,11519500000
1239176700000,1.31975,1.32,1.3185,1.3188,11679400000
1239177600000,1.31875,1.3194,1.3184,1.3187,10361400000
1239178500000,1.3187,1.3187,1.3176,1.31775,9854500000
1239179400000,1.3178,1.3186,1.3175,1.3186,9948600000
1239180300000,1.3186,1.3203,1.3184,1.31995,12235900000
1239181200000,1.31995,1.3218,1.31985,1.32035,14503700000
1239182100000,1.3203,1.3215,1.3199,1.32115,10171500000
1239183000000,1.3211,1.3222,1.3211,1.32215,10550900000
1239183900000,1.3221,1.3228,1.32085,1.3212,10953600000
1239184800000,1.3212,1.32155,1.3203,1.3213,8755100000
1239185700000,1.3213,1.3226,1.321,1.3223,9326200000
1239186600000,1.3223,1.3246,1.32135,1.3243,10996900000
1239187500000,1.3243,1.3257,1.3241,1.32505,11853900000
1239188400000,1.325,1.32595,1.3243,1.32561,8678400000
1239189300000,1.32556,1.32556,1.3242,1.3243,8494800000
1239190200000,1.3243,1.3243,1.32335,1.3235,8077800000
1239191100000,1.3235,1.3236,1.3216,1.3216,11213600000
1239192000000,1.3216,1.3233,1.32135,1.32295,11924800000
1239192900000,1.323,1.3253,1.3227,1.32515,14271100000
1239193800000,1.32515,1.32615,1.32425,1.32513,11540300000
1239194700000,1.32514,1.3274,1.3246,1.3263,14096300000
1239195600000,1.3263,1.3263,1.3249,1.32511,11174100000
1239196500000,1.32509,1.3257,1.3242,1.3254,11398200000
1239197400000,1.3254,1.3268,1.3248,1.3265,10946000000
1239198300000,1.32645,1.32675,1.3254,1.3255,10873600000
1239199200000,1.3255,1.3257,1.323,1.32425,14466600000
1239200100000,1.32425,1.3247,1.32145,1.3228,13080500000
1239201000000,1.3228,1.32405,1.3222,1.32405,14048439204
1239201900000,1.32405,1.32405,1.3223,1.32285,10578319602
1239202800000,1.3229,1.3253,1.3228,1.32415,14528700000
1239203700000,1.3242,1.3259,1.32385,1.3251,12600900000
1239204600000,1.32515,1.32845,1.3251,1.32735,9410200000
1239205500000,1.32735,1.3297,1.327,1.3287,8586383202
1239206400000,1.3287,1.3304,1.32755,1.32755,7038200000
1239207300000,1.32755,1.329,1.3273,1.32845,4704900000
1239208200000,1.32835,1.3307,1.3283,1.3303,5084800000
1239209100000,1.33025,1.33075,1.32955,1.3296,8048400000
1239210000000,1.3297,1.32975,1.3287,1.32915,5978300000
1239210900000,1.32915,1.32915,1.3281,1.32845,4365700000
1239211800000,1.32845,1.32915,1.3274,1.32795,4352000000
1239212700000,1.328,1.3281,1.3265,1.3271,6306800000
1239213600000,1.3271,1.32805,1.32465,1.3254,9367800000
1239214500000,1.32535,1.32555,1.32395,1.3254,6990200000
1239215400000,1.3254,1.3257,1.3241,1.3247,7996600000
1239216300000,1.3247,1.3247,1.32205,1.3233,8848600000
1239217200000,1.32335,1.32345,1.3224,1.3232,4172500000
1239218100000,1.3232,1.32435,1.3231,1.3238,3913500000
1239219000000,1.32385,1.3249,1.32385,1.3244,2936700000
1239219900000,1.3244,1.3254,1.32425,1.3254,3318600000
1239220800000,1.3254,1.3262,1.32525,1.3259,2191600000
1239221700000,1.3259,1.3271,1.32555,1.3266,2706000000
1239222600000,1.3266,1.3279,1.3265,1.3277,2323800000
1239223500000,1.3277,1.3281,1.32735,1.3281,2551400000
1239224400000,1.3281,1.32815,1.32706,1.3275,963400000
1239225300000,1.3275,1.3276,1.32605,1.32625,1422500000
1239226200000,1.32635,1.3265,1.3259,1.32625,1475600000
1239227100000,1.32625,1.32685,1.3261,1.3267,1393200000
1239228000000,1.3268,1.3268,1.32605,1.3261,1123700000
1239228900000,1.3261,1.3263,1.3253,1.3262,1719000000
1239229800000,1.3262,1.3268,1.32565,1.3257,1232000000
1239230700000,1.3257,1.326,1.32482,1.3249,1927800000
1239231600000,1.3249,1.3252,1.32415,1.32435,1708500000
1239232500000,1.32425,1.3249,1.32415,1.32428,1592100000
1239233400000,1.32445,1.32535,1.32435,1.3248,1417200000
1239234300000,1.32475,1.3253,1.3242,1.3251,2160500000
1239235200000,1.3251,1.3256,1.32435,1.3247,4196700000
1239236100000,1.3248,1.3254,1.3242,1.3244,3104200000
1239237000000,1.3244,1.3244,1.3233,1.32375,3785600000
1239237900000,1.32375,1.32435,1.3233,1.324,4308800000
1239238800000,1.324,1.3248,1.3237,1.3245,4705400000
1239239700000,1.3245,1.3251,1.32425,1.32437,2270900000
1239240600000,1.3245,1.3247,1.32305,1.32415,3614300000
1239241500000,1.32415,1.325,1.3238,1.3242,3087600000
1239242400000,1.3242,1.3249,1.3241,1.32485,3246300000
1239243300000,1.32485,1.32485,1.3242,1.3244,1879200000
1239244200000,1.3244,1.3249,1.32402,1.32455,1523700000
1239245100000,1.32455,1.3257,1.32432,1.32535,2674100000
1239246000000,1.3254,1.32655,1.32525,1.32565,4351000000
1239246900000,1.32565,1.3264,1.32545,1.32585,3136500000
1239247800000,1.3258,1.3264,1.3258,1.3262,2031300000
1239248700000,1.3261,1.3273,1.326,1.3263,3844400000
1239249600000,1.3264,1.3269,1.32525,1.32585,4469900000
1239250500000,1.3258,1.3262,1.32555,1.3259,3299400000
1239251400000,1.3259,1.32635,1.3255,1.32635,3283000000
1239252300000,1.3263,1.3274,1.3257,1.3262,6179000000
1239253200000,1.3262,1.32645,1.3255,1.3258,4331800000
1239254100000,1.32575,1.3259,1.32525,1.3257,3238000000
1239255000000,1.3257,1.32675,1.3257,1.32635,3970000000
1239255900000,1.32635,1.327,1.32625,1.32655,4632200000
1239256800000,1.32655,1.32865,1.3265,1.3271,7333940000
1239257700000,1.3271,1.3291,1.32705,1.3282,7241900000
1239258600000,1.32825,1.33115,1.32805,1.3301,8449500000
1239259500000,1.3301,1.3324,1.3296,1.3315,10873000000
1239260400000,1.33155,1.3317,1.3303,1.3315,10574600000
1239261300000,1.33155,1.33155,1.32877,1.32935,13213100000
1239262200000,1.3293,1.3297,1.328,1.3285,12442600000
1239263100000,1.32855,1.33145,1.32835,1.3314,10666000000
1239264000000,1.33135,1.33135,1.32975,1.33015,9923400000
1239264900000,1.3301,1.3302,1.32775,1.3286,10624200000
1239265800000,1.3286,1.3305,1.32825,1.3299,9848500000
1239266700000,1.32995,1.3308,1.32955,1.32995,10243900000
1239267600000,1.33,1.33225,1.32975,1.3315,11189000000
1239268500000,1.3315,1.33355,1.3288,1.32905,15834700000
1239269400000,1.3291,1.3296,1.3267,1.328,15737700000
1239270300000,1.3281,1.33015,1.328,1.32975,10632250000
1239271200000,1.3298,1.3302,1.3287,1.3288,7798300000
1239272100000,1.32885,1.32885,1.32745,1.3279,7749700000
1239273000000,1.3279,1.3286,1.32765,1.3282,5806200000
1239273900000,1.32825,1.3283,1.3271,1.3278,8009550000
1239274800000,1.32775,1.3282,1.32605,1.3261,8079500000
1239275700000,1.3261,1.3268,1.32365,1.32365,10525186000
1239276600000,1.3236,1.3254,1.3235,1.3243,9600900000
1239277500000,1.3243,1.3255,1.3239,1.3243,7951180000
1239278400000,1.3243,1.32825,1.3242,1.3274,13221900000
1239279300000,1.32735,1.32965,1.32625,1.3288,13090100000
1239280200000,1.3288,1.32985,1.32715,1.3286,10848300000
1239281100000,1.3286,1.3288,1.32665,1.32705,10337240000
1239282000000,1.32705,1.3273,1.32465,1.32585,9974700000
1239282900000,1.32585,1.32655,1.32555,1.32585,7714300000
1239283800000,1.32585,1.326,1.325,1.32595,10930900000
1239284700000,1.326,1.3278,1.32535,1.3271,10788700000
1239285600000,1.3271,1.32805,1.3255,1.32655,9779900000
1239286500000,1.32655,1.3282,1.32615,1.32745,6779400000
1239287400000,1.32755,1.32775,1.3234,1.3235,10016400000
1239288300000,1.32355,1.3238,1.31925,1.3206,14611000000
1239289200000,1.3206,1.3218,1.31845,1.3188,12975700000
1239290100000,1.3188,1.3194,1.3152,1.31595,12559300000
1239291000000,1.31595,1.317,1.31435,1.3147,10653500000
1239291900000,1.31475,1.3155,1.3135,1.3148,12496500000
1239292800000,1.3148,1.316,1.3133,1.31335,7975300000
1239293700000,1.3133,1.3148,1.3126,1.31475,6910900000
1239294600000,1.31475,1.3157,1.3145,1.3155,4455500000
1239295500000,1.3155,1.3159,1.31425,1.3144,5263900000
1239296400000,1.31445,1.3165,1.3139,1.31575,5046000000
1239297300000,1.3158,1.3158,1.3151,1.3153,3394700000
1239298200000,1.3153,1.3156,1.31455,1.3155,1952100000
1239299100000,1.3155,1.3167,1.31545,1.3166,3006500000
1239300000000,1.3166,1.3167,1.3155,1.31598,3241500000
1239300900000,1.31601,1.3165,1.3153,1.3153,2681000000
1239301800000,1.3152,1.3153,1.3149,1.31505,2197300000
1239302700000,1.31505,1.3168,1.31505,1.316,3357400000
1239303600000,1.3161,1.3167,1.3157,1.31625,2129600000
1239304500000,1.31625,1.3165,1.3156,1.3156,1891000000
1239305400000,1.3156,1.3163,1.3156,1.3159,1768000000
1239306300000,1.31595,1.3164,1.3159,1.316,2040200000
1239307200000,1.3159,1.3163,1.3159,1.3161,2104000000
1239308100000,1.3161,1.3164,1.316,1.31625,1290400000
1239309000000,1.31625,1.3163,1.31585,1.3161,1301200000
1239309900000,1.3161,1.3169,1.31585,1.3168,1601800000
1239310800000,1.3168,1.3168,1.3162,1.31655,971000000
1239311700000,1.3166,1.31675,1.31619,1.31625,1283300000
1239312600000,1.31625,1.3167,1.31625,1.31642,998200000
1239313500000,1.31655,1.31675,1.3155,1.3157,951600000
1239314400000,1.3158,1.31605,1.3154,1.3159,1037400000
1239315300000,1.316,1.3166,1.31585,1.31619,989800000
1239316200000,1.31612,1.3165,1.3154,1.3154,2405400000
1239317100000,1.3154,1.3159,1.31524,1.3154,1943600000
1239318000000,1.3154,1.3167,1.3136,1.3136,1517600000
1239318900000,1.3136,1.3138,1.3097,1.31035,3729700000
1239319800000,1.3105,1.3131,1.3104,1.3123,4354500000
1239320700000,1.31225,1.3129,1.31165,1.3121,1536200000
1239321600000,1.312,1.3131,1.31195,1.31205,1562300000
1239322500000,1.3121,1.31215,1.3103,1.3117,2611800000
1239323400000,1.3117,1.3119,1.3103,1.3108,2719600000
1239324300000,1.3108,1.3113,1.31075,1.3111,1968400000
1239325200000,1.3111,1.3111,1.3092,1.3099,3338600000
1239326100000,1.3099,1.3117,1.3099,1.3116,2922800000
1239327000000,1.3116,1.3119,1.3112,1.31175,2899800000
1239327900000,1.31175,1.3125,1.31102,1.31199,2897800000
1239328800000,1.31209,1.3147,1.31209,1.3137,4668800000
1239329700000,1.3137,1.3138,1.3129,1.31355,2518400000
1239330600000,1.3136,1.3144,1.31315,1.3134,2267300000
1239331500000,1.3134,1.3135,1.3129,1.313,1569100000
1239332400000,1.313,1.31305,1.3125,1.3128,1285100000
1239333300000,1.31267,1.31355,1.31263,1.3134,1311200000
1239334200000,1.3133,1.3141,1.31325,1.3138,2192600000
1239335100000,1.3138,1.3139,1.31325,1.3134,1460800000
1239336000000,1.3134,1.3142,1.3133,1.3137,1300000000
1239336900000,1.31375,1.31385,1.3136,1.3138,966600000
1239337800000,1.3138,1.3139,1.3132,1.3134,2419000000
1239338700000,1.3134,1.314,1.3133,1.3133,2299200000
1239339600000,1.31325,1.31412,1.313,1.314,2412000000
1239340500000,1.314,1.31525,1.31385,1.3146,3145700000
1239341400000,1.3146,1.3146,1.31375,1.31445,2144000000
1239342300000,1.31445,1.31475,1.3142,1.31425,1342800000
1239343200000,1.31425,1.3143,1.31115,1.3124,3839300000
1239344100000,1.3124,1.3133,1.31225,1.31275,2907800000
1239345000000,1.31275,1.31345,1.3127,1.3131,1671300000
1239345900000,1.3131,1.3135,1.3129,1.3132,2871000000
1239346800000,1.3132,1.3134,1.31195,1.31275,2477600000
1239347700000,1.31275,1.31335,1.3126,1.31315,1306000000
1239348600000,1.31335,1.31335,1.3128,1.3131,1665800000
1239349500000,1.313,1.3131,1.3127,1.3128,1551700000
1239350400000,1.31275,1.31355,1.3127,1.3134,2744100000
1239351300000,1.31345,1.3138,1.3133,1.3133,1804700000
1239352200000,1.3133,1.31355,1.31285,1.31335,1378800000
1239353100000,1.3133,1.31335,1.3129,1.31335,927800000
1239354000000,1.3134,1.31375,1.31308,1.31365,3833200000
1239354900000,1.31365,1.3139,1.31356,1.3137,1088600000
1239355800000,1.3137,1.31475,1.31321,1.31385,2296800000
1239356700000,1.31395,1.31455,1.31373,1.31425,2694000000
1239357600000,1.31425,1.3148,1.31405,1.31455,2292800000
1239358500000,1.3147,1.3149,1.3138,1.31384,2405100000
1239359400000,1.31386,1.31485,1.31386,1.3146,1572900000
1239360300000,1.3146,1.3149,1.31447,1.31467,2470200000
1239361200000,1.3148,1.31485,1.31423,1.3146,2849600000
1239362100000,1.3146,1.31475,1.3135,1.3141,1559200000
1239363000000,1.31405,1.3143,1.3133,1.3139,2014300000
1239363900000,1.3139,1.314,1.31311,1.31356,2179100000
1239364800000,1.31354,1.3141,1.31354,1.31375,881700000
1239365700000,1.31375,1.31425,1.3135,1.31405,1578700000
1239366600000,1.31405,1.31445,1.3138,1.31395,1488700000
1239367500000,1.3141,1.31435,1.31369,1.31398,2567900000
1239368400000,1.314,1.3146,1.3139,1.3144,569800000
1239369300000,1.3144,1.31455,1.3138,1.3139,1405300000
1239370200000,1.3139,1.314,1.31358,1.3137,2943900000
1239371100000,1.3137,1.3142,1.3137,1.31395,1347200000
1239372000000,1.31395,1.31395,1.31265,1.3128,1234300000
1239372900000,1.3128,1.31308,1.31227,1.31295,6204900000
1239373800000,1.31301,1.3136,1.31287,1.3136,1265100000
1239374700000,1.31355,1.3143,1.31345,1.31355,1071200000
1239375600000,1.31355,1.31415,1.31355,1.3141,651200000
1239376500000,1.31415,1.31455,1.3141,1.31415,2118700000
1239377400000,1.31415,1.31435,1.31405,1.3141,528800000
1239378300000,1.31415,1.31441,1.31388,1.3142,2060800000
1239379200000,1.3141,1.3144,1.31394,1.31415,2488700000
1239380100000,1.3141,1.3146,1.31388,1.31445,3346800000
1239381000000,1.3145,1.31462,1.3142,1.3143,4881400000
1239381900000,1.3143,1.31443,1.314,1.31415,5887200000
1239382800000,1.31415,1.31445,1.31385,1.31385,4839900000
1239383700000,1.3139,1.3141,1.3137,1.31385,2869600000
1239384600000,1.31385,1.31435,1.3138,1.31425,1868800000
1239385500000,1.31425,1.31455,1.31413,1.31415,2671000000
1239386400000,1.3143,1.3148,1.31412,1.3146,1615800000
1239387300000,1.3146,1.31494,1.31408,1.3148,2908200000
1239388200000,1.31485,1.3155,1.31424,1.3155,1174900000
1239389100000,1.31545,1.3161,1.31535,1.31565,588100000
1239390000000,1.31565,1.31565,1.3151,1.31545,1070900000
1239390900000,1.31558,1.31585,1.31529,1.31565,2997000000
1239391800000,1.31565,1.31608,1.31537,1.3159,710200000
1239392700000,1.31588,1.3176,1.31585,1.3175,1743800000
1239393600000,1.3175,1.3187,1.31728,1.31855,1119700000
1239394500000,1.31855,1.31855,1.31757,1.31768,974000000
1239395400000,1.31778,1.3181,1.3176,1.3181,547000000
1239396300000,1.31807,1.31875,1.31761,1.31845,1038400000
1239570000000,1.31862,1.3189,1.31803,1.31824,348700000
1239570900000,1.3179,1.31826,1.31666,1.31691,810000000
1239571800000,1.31669,1.31807,1.31649,1.3178,635200000
1239572700000,1.31764,1.31857,1.31763,1.31828,1280000000
1239573600000,1.31829,1.31867,1.31717,1.31735,411000000
1239574500000,1.31755,1.31827,1.3173,1.31775,604400000
1239575400000,1.31766,1.31825,1.31744,1.31801,852400000
1239576300000,1.3181,1.31851,1.31762,1.3177,388600000
1239577200000,1.3177,1.31795,1.3174,1.3177,386200000
1239578100000,1.3177,1.3179,1.31665,1.31731,698300000
1239579000000,1.31723,1.3173,1.31615,1.3163,764000000
1239579900000,1.3163,1.3167,1.31515,1.31535,1365100000
1239580800000,1.31535,1.31565,1.3143,1.31435,1783400000
1239581700000,1.3143,1.3144,1.3127,1.3141,2881300000
1239582600000,1.31405,1.31445,1.3138,1.31435,800600000
1239583500000,1.3143,1.31465,1.3138,1.3143,2389400000
1239584400000,1.3143,1.3156,1.3143,1.3153,2841900000
1239585300000,1.3154,1.31575,1.31395,1.3145,2403600000
1239586200000,1.3145,1.3154,1.3145,1.31515,1982800000
1239587100000,1.3151,1.31525,1.31425,1.31485,2043200000
1239588000000,1.31485,1.3163,1.3146,1.3159,2445000000
1239588900000,1.3158,1.316,1.31505,1.3158,2561900000
1239589800000,1.3158,1.3164,1.3155,1.3161,2121900000
1239590700000,1.3161,1.3165,1.31563,1.3161,1118700000
1239591600000,1.3161,1.3168,1.31595,1.3165,2168200000
1239592500000,1.3165,1.3167,1.3162,1.3165,1345600000
1239593400000,1.3165,1.3165,1.31577,1.3163,2204100000
1239594300000,1.3163,1.3166,1.31593,1.3166,1988500000
1239595200000,1.3166,1.3172,1.31645,1.3171,1166600000
1239596100000,1.3171,1.31765,1.3165,1.3173,1456800000
1239597000000,1.3173,1.31735,1.31673,1.3169,1339600000
1239597900000,1.3169,1.3175,1.31655,1.317,2069200000
1239598800000,1.317,1.31715,1.3169,1.31705,676200000
1239599700000,1.3171,1.3177,1.31692,1.3173,1072300000
1239600600000,1.3173,1.3177,1.31694,1.31701,2745400000
1239601500000,1.3171,1.3171,1.3166,1.3171,3000300000
1239602400000,1.3171,1.3183,1.3171,1.3183,2018300000
1239603300000,1.3183,1.3202,1.3183,1.3188,5898200000
1239604200000,1.3188,1.32025,1.3188,1.31965,3528200000
1239605100000,1.31965,1.3201,1.31875,1.31975,3846900000
1239606000000,1.3198,1.32125,1.31965,1.3209,4826300000
1239606900000,1.3209,1.3216,1.32055,1.321,3741500000
1239607800000,1.321,1.321,1.3196,1.3204,2673700000
1239608700000,1.3204,1.32065,1.32005,1.3202,1727900000
1239609600000,1.3202,1.3216,1.32015,1.32135,1969300000
1239610500000,1.32135,1.3216,1.32095,1.3214,1411700000
1239611400000,1.3213,1.3215,1.3209,1.3212,1578800000
1239612300000,1.3211,1.3212,1.3209,1.32105,1479500000
1239613200000,1.321,1.32115,1.3198,1.32015,1915200000
1239614100000,1.32015,1.3202,1.3181,1.31905,2498800000
1239615000000,1.31905,1.31965,1.3188,1.31915,2783000000
1239615900000,1.31905,1.3194,1.3183,1.31905,2214300000
1239616800000,1.31905,1.3194,1.31895,1.3194,2092800000
1239617700000,1.3194,1.3194,1.31895,1.31907,2440800000
1239618600000,1.3192,1.3202,1.3191,1.32,1953500000
1239619500000,1.3199,1.3217,1.3198,1.3203,3480100000
1239620400000,1.32035,1.32165,1.32005,1.3208,2550200000
1239621300000,1.32085,1.3219,1.32045,1.32075,4093500000
1239622200000,1.3208,1.322,1.32045,1.3217,1881800000
1239623100000,1.3217,1.3222,1.3214,1.32195,1569300000
1239624000000,1.32195,1.3245,1.3215,1.3232,4156300000
1239624900000,1.3232,1.3262,1.3226,1.3261,5482200000
1239625800000,1.3261,1.32995,1.3259,1.3296,6105700000
1239626700000,1.3297,1.3308,1.3281,1.3281,5037886000
1239627600000,1.3281,1.3295,1.3276,1.3294,4708800000
1239628500000,1.3295,1.3297,1.3277,1.328,3869400000
1239629400000,1.3281,1.3292,1.32765,1.3291,4318600000
1239630300000,1.329,1.3291,1.32655,1.3269,3599500000
1239631200000,1.3268,1.3296,1.32655,1.3294,4517100000
1239632100000,1.32935,1.3302,1.3285,1.3287,4181800000
1239633000000,1.3287,1.3295,1.3285,1.32885,3542200000
1239633900000,1.3288,1.332,1.3287,1.3319,5762500000
1239634800000,1.332,1.3325,1.33095,1.3322,4489200000
1239635700000,1.3322,1.3334,1.33205,1.3329,4093900000
1239636600000,1.3329,1.3378,1.3329,1.3369,8181640000
1239637500000,1.3369,1.3377,1.33515,1.33525,6385500000
1239638400000,1.33525,1.3358,1.3346,1.3352,3705500000
1239639300000,1.3353,1.3353,1.33365,1.3346,3102000000
1239640200000,1.3346,1.3355,1.33445,1.3352,1664300000
1239641100000,1.3352,1.33675,1.335,1.336,2542800000
1239642000000,1.33595,1.3361,1.33515,1.33565,1820500000
1239642900000,1.33545,1.3368,1.33545,1.3365,1733300000
1239643800000,1.3365,1.3368,1.33635,1.3364,1497200000
1239644700000,1.3364,1.3373,1.33635,1.3365,1265900000
1239645600000,1.3365,1.3366,1.3357,1.33655,2145900000
1239646500000,1.3366,1.3372,1.3365,1.3368,2152900000
1239647400000,1.3368,1.3372,1.3366,1.3366,1959800000
1239648300000,1.33665,1.33685,1.33565,1.3358,1532300000
1239649200000,1.33565,1.3367,1.33555,1.3367,2365000000
1239650100000,1.3368,1.3377,1.33655,1.33755,1989900000
1239651000000,1.3375,1.3391,1.3374,1.33885,1443400000
1239651900000,1.3389,1.3391,1.3373,1.3375,2552200000
1239652800000,1.3375,1.33915,1.3374,1.3385,2328300000
1239653700000,1.3385,1.3386,1.33715,1.3381,1528200000
1239654600000,1.338,1.3381,1.3368,1.3368,946600000
1239655500000,1.3367,1.3374,1.3364,1.33655,872000000
1239656400000,1.3365,1.33685,1.3362,1.33655,692800000
1239657300000,1.3366,1.33665,1.33613,1.33645,683600000
1239658200000,1.33647,1.3367,1.33601,1.3364,1502900000
1239659100000,1.33645,1.33675,1.33615,1.33675,973000000
1239660000000,1.3367,1.3368,1.33593,1.3361,891900000
1239660900000,1.33605,1.3363,1.33562,1.3363,793800000
1239661800000,1.33625,1.3366,1.3356,1.3362,997600000
1239662700000,1.3362,1.33655,1.33598,1.3365,2101700000
1239663600000,1.3365,1.3372,1.3365,1.3368,2311100000
1239664500000,1.3368,1.3372,1.33555,1.3362,2713400000
1239665400000,1.3364,1.33725,1.3356,1.33715,3435600000
1239666300000,1.3372,1.338,1.33675,1.3375,3222900000
1239667200000,1.3375,1.3377,1.33455,1.3351,5698100000
1239668100000,1.3352,1.3352,1.3329,1.3332,4548600000
1239669000000,1.3331,1.33415,1.333,1.3339,3745800000
1239669900000,1.3339,1.3339,1.33152,1.3326,5336100000
1239670800000,1.3326,1.3333,1.33195,1.3328,3307800000
1239671700000,1.3329,1.3335,1.3318,1.3327,3339700000
1239672600000,1.33265,1.33265,1.3312,1.33145,5318300000
1239673500000,1.33145,1.33225,1.3306,1.3316,4443200000
1239674400000,1.3316,1.33285,1.3313,1.33175,3717600000
1239675300000,1.33175,1.33215,1.3307,1.3312,3526200000
1239676200000,1.3311,1.33215,1.3307,1.33175,2370900000
1239677100000,1.33175,1.3322,1.3315,1.33165,2405000000
1239678000000,1.33165,1.3331,1.33132,1.333,2792500000
1239678900000,1.3329,1.33295,1.332,1.33225,2364000000
1239679800000,1.33225,1.33365,1.3322,1.33305,2282800000
1239680700000,1.33305,1.3336,1.3326,1.3328,2125200000
1239681600000,1.33285,1.3343,1.3326,1.3339,2174000000
1239682500000,1.3338,1.3344,1.33355,1.3342,1799700000
1239683400000,1.3342,1.3343,1.3335,1.3336,2174900000
1239684300000,1.33375,1.3347,1.33343,1.33465,1609600000
1239685200000,1.33465,1.33665,1.3346,1.3366,4243000000
1239686100000,1.3366,1.3366,1.3345,1.3346,4576600000
1239687000000,1.3346,1.33485,1.3338,1.3342,3140400000
1239687900000,1.3342,1.3343,1.33325,1.33395,5304100000
1239688800000,1.3338,1.3344,1.33285,1.3331,4058800000
1239689700000,1.3331,1.3333,1.3301,1.331,7544200000
1239690600000,1.331,1.3321,1.33,1.3307,6736600000
1239691500000,1.33073,1.3315,1.32955,1.3299,7196500000
1239692400000,1.33,1.3301,1.3279,1.32895,9483742000
1239693300000,1.32895,1.32915,1.3284,1.3285,6512100000
1239694200000,1.3285,1.3302,1.3281,1.3295,9609200000
1239695100000,1.32935,1.33065,1.3287,1.32885,9831900000
1239696000000,1.3288,1.3298,1.327,1.32715,8624700000
1239696900000,1.3272,1.3285,1.3266,1.3283,7889100000
1239697800000,1.3283,1.3287,1.32725,1.32735,5745200000
1239698700000,1.32715,1.3284,1.3266,1.3281,7171700000
1239699600000,1.32805,1.3288,1.32745,1.3285,6456200000
1239700500000,1.3285,1.3297,1.3285,1.32875,6812600000
1239701400000,1.32875,1.3298,1.3285,1.3297,6290200000
1239702300000,1.3297,1.3304,1.32955,1.3302,7785200000
1239703200000,1.3302,1.3306,1.32825,1.3285,7180900000
1239704100000,1.3285,1.3287,1.32605,1.3263,8411200000
1239705000000,1.3263,1.328,1.3262,1.3274,7440700000
1239705900000,1.3275,1.3285,1.32705,1.3283,4548300000
1239706800000,1.32825,1.3287,1.3276,1.3281,6532800000
1239707700000,1.3281,1.3284,1.3273,1.32745,4683600000
1239708600000,1.32745,1.3278,1.3267,1.3278,4643400000
1239709500000,1.32775,1.32845,1.3273,1.32765,5953700000
1239710400000,1.32765,1.3286,1.32725,1.3275,6122400000
1239711300000,1.32755,1.3277,1.3247,1.3257,9092800000
1239712200000,1.32575,1.32585,1.3228,1.3234,12923300000
1239713100000,1.32335,1.3247,1.3226,1.324,11629700000
1239714000000,1.324,1.3259,1.32375,1.3255,9834700000
1239714900000,1.32545,1.32665,1.32515,1.32585,9839300000
1239715800000,1.3258,1.32615,1.32505,1.32535,8291900000
1239716700000,1.32535,1.3277,1.3252,1.32725,12314100000
1239717600000,1.32725,1.32755,1.32645,1.3265,8847800000
1239718500000,1.3265,1.3271,1.32545,1.3265,10052100000
1239719400000,1.3265,1.3268,1.3241,1.32495,9783800000
1239720300000,1.32495,1.3257,1.32435,1.32555,10126800000
1239721200000,1.32555,1.32815,1.32535,1.328,11132300000
1239722100000,1.328,1.3287,1.32685,1.3271,9487800000
1239723000000,1.32705,1.32755,1.3263,1.3265,7069700000
1239723900000,1.32655,1.3291,1.3265,1.32755,9551200000
1239724800000,1.3275,1.3301,1.3272,1.3288,8753600000
1239725700000,1.3288,1.33025,1.3284,1.32995,5579000000
1239726600000,1.32995,1.3304,1.3287,1.32875,3889600000
1239727500000,1.32875,1.329,1.32685,1.3279,5087000000
1239728400000,1.32795,1.3285,1.3262,1.32755,5625200000
1239729300000,1.32755,1.3281,1.3268,1.3277,4104000000
1239730200000,1.32765,1.3299,1.3276,1.3297,5700600000
1239731100000,1.3297,1.3303,1.32735,1.3274,5572500000
1239732000000,1.3274,1.32815,1.3269,1.32765,4301600000
1239732900000,1.32765,1.3283,1.32685,1.32825,5143600000
1239733800000,1.3282,1.3285,1.3278,1.3283,3454100000
1239734700000,1.3283,1.329,1.328,1.329,3823500000
1239735600000,1.329,1.3297,1.3285,1.3287,4632700000
1239736500000,1.3287,1.32935,1.3282,1.3285,3314200000
1239737400000,1.3286,1.32925,1.3273,1.32755,3126800000
1239738300000,1.32755,1.3283,1.3272,1.3275,3964600000
1239739200000,1.3274,1.32775,1.3263,1.32645,4933200000
1239740100000,1.3265,1.3268,1.32575,1.32635,3949600000
1239741000000,1.32615,1.3264,1.3257,1.32595,2058200000
1239741900000,1.32595,1.3261,1.32555,1.32585,1781200000
1239742800000,1.3257,1.32585,1.32455,1.32495,1866600000
1239743700000,1.325,1.32555,1.32485,1.32535,1358300000
1239744600000,1.32525,1.32645,1.32525,1.32635,1699800000
1239745500000,1.32635,1.32675,1.32595,1.3261,1597800000
1239746400000,1.3262,1.3267,1.3256,1.3263,1801000000
1239747300000,1.32625,1.3266,1.326,1.3261,863100000
1239748200000,1.3261,1.3269,1.32605,1.3268,1425300000
1239749100000,1.3268,1.3273,1.3262,1.3271,3208900000
1239750000000,1.3271,1.32755,1.3264,1.3265,3395500000
1239750900000,1.3265,1.327,1.3261,1.32625,2463200000
1239751800000,1.32635,1.32705,1.32635,1.3266,1179700000
1239752700000,1.3266,1.32685,1.32635,1.32675,1484600000
1239753600000,1.32675,1.32745,1.3264,1.3269,2819200000
1239754500000,1.327,1.3271,1.32515,1.3257,3372300000
1239755400000,1.3257,1.3257,1.3237,1.3239,4361300000
1239756300000,1.3239,1.3246,1.32375,1.3243,4754100000
1239757200000,1.3243,1.32545,1.3241,1.32475,5644900000
1239758100000,1.3248,1.3248,1.3226,1.3234,5690900000
1239759000000,1.3234,1.3238,1.3219,1.3234,5478400000
1239759900000,1.3234,1.3247,1.3234,1.3243,8307100000
1239760800000,1.3243,1.3253,1.3236,1.3252,5954300000
1239761700000,1.3252,1.3253,1.32445,1.32485,4707500000
1239762600000,1.32485,1.32485,1.32325,1.32335,5605200000
1239763500000,1.32335,1.32415,1.323,1.3238,3129700000
1239764400000,1.3238,1.32475,1.3238,1.32475,2905800000
1239765300000,1.3248,1.325,1.3243,1.32475,2110200000
1239766200000,1.3248,1.3251,1.32435,1.32445,3189000000
1239767100000,1.3244,1.3247,1.32405,1.32435,2657300000
1239768000000,1.32435,1.3246,1.32385,1.32435,2819900000
1239768900000,1.3244,1.32445,1.323,1.32385,3754300000
1239769800000,1.32385,1.325,1.32355,1.32455,5090300000
1239770700000,1.32455,1.32625,1.32455,1.32535,4392600000
1239771600000,1.3254,1.32595,1.32475,1.32545,4790000000
1239772500000,1.32555,1.3264,1.32515,1.3263,3381400000
1239773400000,1.3263,1.3263,1.3249,1.3249,3806200000
1239774300000,1.32495,1.3251,1.32455,1.3248,3866400000
1239775200000,1.32485,1.32485,1.32375,1.3244,6498100000
1239776100000,1.3244,1.3244,1.32295,1.323,6664100000
1239777000000,1.32305,1.3232,1.3216,1.32205,9704700000
1239777900000,1.32205,1.3229,1.3209,1.3214,10199900000
1239778800000,1.3214,1.3228,1.3214,1.3224,9955900000
1239779700000,1.3224,1.3232,1.32125,1.32195,8648900000
1239780600000,1.32195,1.3222,1.32035,1.3221,9719668608
1239781500000,1.3221,1.32305,1.3219,1.3227,11758300000
1239782400000,1.3227,1.32315,1.322,1.3227,8081200000
1239783300000,1.3227,1.3227,1.3208,1.3219,10950000000
1239784200000,1.3219,1.3254,1.32175,1.32525,11003900000
1239785100000,1.32525,1.326,1.3243,1.3254,13317100000
1239786000000,1.3254,1.3265,1.32465,1.3249,11143700000
1239786900000,1.3249,1.3257,1.32415,1.32435,9926700000
1239787800000,1.32435,1.3252,1.3241,1.3242,8128500000
1239788700000,1.32425,1.3255,1.3242,1.32525,6732400000
1239789600000,1.32525,1.326,1.32455,1.3255,6418300000
1239790500000,1.3256,1.3275,1.3252,1.32725,7963002000
1239791400000,1.32725,1.32975,1.3269,1.3287,8744600000
1239792300000,1.3287,1.3288,1.32675,1.32695,8814700000
1239793200000,1.32695,1.3272,1.3252,1.32555,8897800000
1239794100000,1.32545,1.3258,1.32245,1.3227,9762500000
1239795000000,1.3227,1.3231,1.3193,1.3204,13272700000
1239795900000,1.32035,1.3208,1.31805,1.3185,12920900000
1239796800000,1.3186,1.3189,1.3169,1.3172,13173000000
1239797700000,1.3172,1.3185,1.3172,1.3183,11161300000
1239798600000,1.31845,1.31885,1.3155,1.3175,11757800000
1239799500000,1.3175,1.3182,1.31705,1.318,11164900000
1239800400000,1.3181,1.3182,1.3172,1.31805,6025900000
1239801300000,1.318,1.318,1.31485,1.3157,11511300000
1239802200000,1.3157,1.3178,1.3146,1.3175,13130100000
1239803100000,1.3175,1.3187,1.31705,1.3177,11795000000
1239804000000,1.31765,1.31885,1.3175,1.3175,10044200000
1239804900000,1.31755,1.3197,1.31755,1.3192,9623100000
1239805800000,1.31915,1.3194,1.31815,1.31915,8305500000
1239806700000,1.31915,1.3195,1.31715,1.31765,8869200000
1239807600000,1.3177,1.31845,1.31715,1.3184,6446100000
1239808500000,1.31845,1.31855,1.3162,1.3172,10023000000
1239809400000,1.3172,1.3183,1.3172,1.31765,8000500000
1239810300000,1.31765,1.3181,1.31675,1.31795,8497000000
1239811200000,1.31805,1.3194,1.31725,1.3191,6539400000
1239812100000,1.31915,1.32105,1.3188,1.32045,7987500000
1239813000000,1.32045,1.3216,1.3199,1.3202,5103700000
1239813900000,1.32025,1.3237,1.32025,1.32285,7828800000
1239814800000,1.3229,1.323,1.3213,1.32155,5111400000
1239815700000,1.32155,1.3221,1.3205,1.321,4285100000
1239816600000,1.32095,1.3222,1.31925,1.32075,5047500000
1239817500000,1.32075,1.3209,1.3185,1.3197,5201700000
1239818400000,1.3197,1.3207,1.31885,1.3203,4681500000
1239819300000,1.3202,1.3203,1.3186,1.3189,4421500000
1239820200000,1.31885,1.31975,1.31865,1.31915,4745400000
1239821100000,1.31915,1.31975,1.31835,1.3188,4740400000
1239822000000,1.3188,1.3197,1.3188,1.31965,3139300000
1239822900000,1.31965,1.32145,1.3196,1.3199,4617280000
1239823800000,1.3199,1.3211,1.3197,1.32065,4586700000
1239824700000,1.32065,1.3223,1.3206,1.3222,4783600000
1239825600000,1.32215,1.3228,1.32155,1.3225,3650900000
1239826500000,1.3226,1.32265,1.3221,1.32225,2955800000
1239827400000,1.3222,1.3231,1.3217,1.3227,3280300000
1239828300000,1.3227,1.3228,1.32215,1.32265,1884700000
1239829200000,1.32255,1.3236,1.3223,1.32245,1496800000
1239830100000,1.32245,1.32255,1.3218,1.3221,1252700000
1239831000000,1.3221,1.32225,1.3212,1.3212,1799500000
1239831900000,1.32115,1.32145,1.32094,1.32125,1846400000
1239832800000,1.3212,1.3217,1.3209,1.3216,1170800000
1239833700000,1.3216,1.322,1.32145,1.3218,2111400000
1239834600000,1.3218,1.3223,1.3216,1.3223,2420300000
1239835500000,1.3223,1.3226,1.32195,1.32255,3486500000
1239836400000,1.32255,1.32255,1.3199,1.3203,5236100000
1239837300000,1.32025,1.3207,1.32005,1.3207,1121200000
1239838200000,1.3207,1.3217,1.3205,1.3212,3466000000
1239839100000,1.3212,1.3222,1.32065,1.32215,2349600000
1239840000000,1.3223,1.32345,1.32175,1.3231,3879200000
1239840900000,1.32305,1.3246,1.32305,1.32405,5888500000
1239841800000,1.32405,1.3247,1.32395,1.3245,4594200000
1239842700000,1.3245,1.3268,1.32435,1.3265,8369700000
1239843600000,1.3264,1.3264,1.325,1.3251,6117800000
1239844500000,1.3251,1.32535,1.32445,1.32465,5156600000
1239845400000,1.32465,1.32565,1.3242,1.3246,3119500000
1239846300000,1.32455,1.3251,1.32375,1.3242,4976700000
1239847200000,1.3242,1.3245,1.3213,1.3225,6974800000
1239848100000,1.3225,1.3227,1.3206,1.3215,6261200000
1239849000000,1.32155,1.322,1.3195,1.3198,6905600000
1239849900000,1.3198,1.3213,1.3197,1.3205,5025400000
1239850800000,1.3205,1.3218,1.3202,1.32125,4645600000
1239851700000,1.32135,1.3219,1.32105,1.3218,3404800000
1239852600000,1.32185,1.32265,1.3214,1.3217,4262300000
1239853500000,1.3217,1.3218,1.32095,1.3217,2862000000
1239854400000,1.3217,1.32305,1.3212,1.32145,4619500000
1239855300000,1.32145,1.32225,1.32135,1.32135,2857000000
1239856200000,1.3213,1.3214,1.3201,1.3204,5417800000
1239857100000,1.3204,1.3205,1.31915,1.3201,6616700000
1239858000000,1.3201,1.3209,1.32,1.3201,5353400000
1239858900000,1.32008,1.32065,1.31925,1.3195,7455200000
1239859800000,1.3194,1.3195,1.31705,1.31775,9214900000
1239860700000,1.3177,1.3193,1.3176,1.31815,6105600000
1239861600000,1.3182,1.31995,1.31815,1.3199,7711900000
1239862500000,1.3199,1.32085,1.31925,1.3207,9730700000
1239863400000,1.3207,1.3211,1.31855,1.3186,10863000000
1239864300000,1.3186,1.31885,1.31715,1.3173,10832900000
1239865200000,1.3173,1.31755,1.3161,1.31735,14254400000
1239866100000,1.31735,1.31875,1.3168,1.3186,12003800000
1239867000000,1.3186,1.3186,1.31585,1.3167,11842100000
1239867900000,1.3167,1.3171,1.31505,1.31635,12657700000
1239868800000,1.31635,1.3172,1.31555,1.317,11171100000
1239869700000,1.31695,1.3182,1.3169,1.31805,13409704189
1239870600000,1.31805,1.3181,1.317,1.3175,10939700000
1239871500000,1.3175,1.3178,1.31655,1.31665,7240000000
1239872400000,1.31665,1.3172,1.3147,1.31625,10735200000
1239873300000,1.31625,1.3165,1.31375,1.31395,12250400000
1239874200000,1.3139,1.3146,1.31285,1.3144,12569900000
1239875100000,1.31435,1.31615,1.3142,1.31525,9259600000
1239876000000,1.31525,1.31615,1.31505,1.31605,7939500000
1239876900000,1.31615,1.31895,1.3161,1.31845,8930500000
1239877800000,1.3185,1.31885,1.31715,1.3173,8667350000
1239878700000,1.31735,1.3174,1.31515,1.316,10218300000
1239879600000,1.3159,1.3164,1.3156,1.3164,5840800000
1239880500000,1.3164,1.31715,1.31585,1.3168,6145000000
1239881400000,1.31675,1.31765,1.31645,1.31665,8034130000
1239882300000,1.31665,1.31995,1.3166,1.31955,9440200000
1239883200000,1.31955,1.32035,1.3188,1.31935,11072800000
1239884100000,1.31935,1.32135,1.31845,1.32055,11347800000
1239885000000,1.3206,1.322,1.3194,1.32065,10847300000
1239885900000,1.32065,1.3221,1.32055,1.3218,10309200000
1239886800000,1.3218,1.32315,1.3217,1.32235,9160900000
1239887700000,1.32235,1.32235,1.3212,1.32155,8062626107
1239888600000,1.32155,1.3221,1.32,1.32015,8242200000
1239889500000,1.32015,1.32105,1.3195,1.32065,7684400000
1239890400000,1.32065,1.32165,1.3199,1.32051,8052100000
1239891300000,1.32053,1.32105,1.32,1.32045,6774700000
1239892200000,1.32045,1.32105,1.31865,1.3188,6970500000
1239893100000,1.3188,1.3193,1.3181,1.3189,7336300000
1239894000000,1.31885,1.3197,1.31785,1.31825,7072300000
1239894900000,1.3183,1.319,1.31685,1.3184,8346400000
1239895800000,1.3184,1.31955,1.3183,1.3194,6886000000
1239896700000,1.3194,1.32025,1.3193,1.31955,5774900000
1239897600000,1.3195,1.3205,1.319,1.3199,4403300000
1239898500000,1.31985,1.32045,1.3175,1.31815,5342367505
1239899400000,1.31815,1.3192,1.318,1.3189,4422700000
1239900300000,1.3189,1.3198,1.3187,1.31955,4306400000
1239901200000,1.31955,1.3197,1.31785,1.31815,3749864309
1239902100000,1.31815,1.31865,1.3164,1.3168,5257300000
1239903000000,1.3168,1.3168,1.3151,1.31525,5488300000
1239903900000,1.31515,1.31525,1.31265,1.3148,10711800000
1239904800000,1.3149,1.3167,1.3149,1.3158,6506800000
1239905700000,1.3158,1.31685,1.3152,1.3168,5364100000
1239906600000,1.31675,1.3178,1.3167,1.31765,5480100000
1239907500000,1.3177,1.31785,1.31695,1.31715,3554300000
1239908400000,1.31715,1.3186,1.3165,1.3178,5086800000
1239909300000,1.3178,1.3191,1.3176,1.3179,3518700000
1239910200000,1.3178,1.31875,1.31755,1.31795,3364500000
1239911100000,1.31795,1.31795,1.31685,1.31695,3055900000
1239912000000,1.31685,1.31855,1.3167,1.31825,3773200000
1239912900000,1.3184,1.31885,1.3182,1.3185,2238200000
1239913800000,1.31855,1.3187,1.3176,1.3178,1507700000
1239914700000,1.3177,1.3187,1.31745,1.3186,2820800000
1239915600000,1.31855,1.31905,1.3176,1.3186,1803500000
1239916500000,1.31865,1.31865,1.31735,1.31755,1999000000
1239917400000,1.3176,1.3182,1.3172,1.31815,1359600000
1239918300000,1.31815,1.3184,1.31766,1.3179,1835800000
1239919200000,1.3179,1.318,1.31745,1.31765,853600000
1239920100000,1.31785,1.318,1.31713,1.31719,1064500000
1239921000000,1.3173,1.3181,1.31705,1.3179,1246400000
1239921900000,1.3179,1.318,1.31716,1.318,2075100000
1239922800000,1.31795,1.31895,1.31795,1.3183,1923000000
1239923700000,1.3183,1.3191,1.31796,1.3185,3234200000
1239924600000,1.3185,1.31955,1.31794,1.31935,2639100000
1239925500000,1.3194,1.3197,1.3185,1.31855,4167000000
1239926400000,1.31845,1.3193,1.3181,1.3183,5077700000
1239927300000,1.3183,1.3189,1.318,1.3181,2674400000
1239928200000,1.31805,1.31825,1.3169,1.3169,4032300000
1239929100000,1.31685,1.3169,1.3148,1.3155,5560000000
1239930000000,1.3155,1.3162,1.3143,1.3151,4528400000
1239930900000,1.3151,1.3153,1.3142,1.3145,3883591400
1239931800000,1.31455,1.31545,1.3144,1.3153,4281400000
1239932700000,1.3152,1.3159,1.3147,1.3151,5862000000
1239933600000,1.315,1.31565,1.31495,1.3155,3588600000
1239934500000,1.3155,1.3155,1.3125,1.3133,7278600000
1239935400000,1.31335,1.3136,1.31185,1.3126,9613500000
1239936300000,1.3126,1.3131,1.3111,1.3111,6592900000
1239937200000,1.3111,1.31275,1.3111,1.31225,7592100000
1239938100000,1.3123,1.31275,1.31025,1.31053,5120700000
1239939000000,1.31075,1.3135,1.31075,1.31285,7253900000
1239939900000,1.31285,1.3131,1.31175,1.3118,3979000000
1239940800000,1.3119,1.3123,1.31045,1.31135,6104000000
1239941700000,1.3114,1.31145,1.3067,1.3072,10291100000
1239942600000,1.3072,1.3083,1.3072,1.30795,8161400000
1239943500000,1.308,1.30915,1.308,1.30885,5465000000
1239944400000,1.30885,1.31,1.3087,1.3087,7673400000
1239945300000,1.3087,1.30965,1.3084,1.3094,5636000000
1239946200000,1.3094,1.3112,1.309,1.3111,9095000000
1239947100000,1.3111,1.3112,1.3101,1.31035,6602000000
1239948000000,1.31035,1.3104,1.3078,1.309,9032400000
1239948900000,1.309,1.3102,1.3083,1.30885,9136900000
1239949800000,1.3088,1.31075,1.30855,1.3097,7367700000
1239950700000,1.3097,1.31065,1.30895,1.3099,7023100000
1239951600000,1.3098,1.3118,1.3093,1.31085,8913300000
1239952500000,1.31085,1.31165,1.3106,1.31105,8504400000
1239953400000,1.31105,1.3114,1.3102,1.31115,6929400000
1239954300000,1.31105,1.31155,1.3089,1.3089,9570300000
1239955200000,1.30895,1.30985,1.30825,1.30875,8654900000
1239956100000,1.3087,1.3088,1.3056,1.3062,12155408827
1239957000000,1.3062,1.3077,1.3056,1.3075,9219200000
1239957900000,1.3075,1.3085,1.30675,1.30695,8787700000
1239958800000,1.30695,1.3083,1.3069,1.3077,9324100000
1239959700000,1.3077,1.3082,1.3068,1.3069,7266600000
1239960600000,1.3069,1.3082,1.3065,1.3077,8344500000
1239961500000,1.30765,1.30925,1.30745,1.3088,7198200000
1239962400000,1.30885,1.30935,1.3077,1.30865,7678800000
1239963300000,1.3086,1.3094,1.3078,1.3083,6829600000
1239964200000,1.3083,1.3092,1.30535,1.3055,11216300000
1239965100000,1.3055,1.30745,1.3055,1.3067,10288400000
1239966000000,1.3067,1.30695,1.30555,1.30575,7834200000
1239966900000,1.30575,1.30575,1.30355,1.3039,11317507101
1239967800000,1.30385,1.30645,1.3038,1.30635,8309400000
1239968700000,1.30625,1.307,1.30565,1.30675,8652700000
1239969600000,1.30675,1.307,1.30565,1.30565,7875900000
1239970500000,1.30565,1.3067,1.30565,1.3057,8374400000
1239971400000,1.30575,1.30605,1.30405,1.30555,10909800000
1239972300000,1.30555,1.30655,1.3044,1.30465,9893100000
1239973200000,1.30465,1.3055,1.303,1.30385,11512700000
1239974100000,1.3039,1.3057,1.30385,1.3056,11464900000
1239975000000,1.30555,1.3061,1.3048,1.3058,11014500000
1239975900000,1.30585,1.3065,1.3049,1.3055,12002600000
1239976800000,1.3055,1.3064,1.30485,1.30545,11119400000
1239977700000,1.30545,1.3055,1.3039,1.3045,9502900000
1239978600000,1.3045,1.3051,1.30365,1.304,10142400000
1239979500000,1.304,1.3055,1.3037,1.3044,9570400000
1239980400000,1.3044,1.30535,1.30295,1.3032,9705000000
1239981300000,1.3032,1.3042,1.3026,1.30315,10501300000
1239982200000,1.3032,1.30335,1.3027,1.3029,6940756604
1239983100000,1.30295,1.3038,1.30275,1.30295,6509000000
1239984000000,1.303,1.30425,1.30285,1.3038,4241300000
1239984900000,1.30385,1.30405,1.30345,1.3039,3274100000
1239985800000,1.30395,1.30395,1.30285,1.3035,2823500000
1239986700000,1.3035,1.3042,1.30265,1.3041,3239200000
1239987600000,1.304,1.30465,1.3039,1.30405,3724600000
1239988500000,1.3041,1.30495,1.3039,1.3047,2896500000
1239989400000,1.30465,1.3049,1.30415,1.3048,3150800000
1239990300000,1.30485,1.3049,1.30435,1.3044,3632700000
1239991200000,1.3044,1.30445,1.3029,1.30315,4907100000
1239992100000,1.303,1.3037,1.3029,1.30355,3250500000
1239993000000,1.3036,1.3041,1.3034,1.30375,4783300000
1239993900000,1.30375,1.30375,1.30255,1.3027,5482300000
1239994800000,1.3027,1.30315,1.3027,1.3031,2025800000
1239995700000,1.30315,1.3032,1.30245,1.3025,2398500000
1239996600000,1.30245,1.3026,1.30235,1.3026,4208500000
1239997500000,1.3026,1.30295,1.3017,1.3025,3709500000
1239998400000,1.3025,1.3027,1.30199,1.3022,1837800000
1239999300000,1.3022,1.3029,1.3022,1.3029,1825400000
1240000200000,1.3029,1.3044,1.3028,1.3036,1335500000
1240001100000,1.3036,1.30445,1.3034,1.3043,1481200000
1240174800000,1.30577,1.30591,1.3049,1.3051,1452600000
1240175700000,1.305,1.305,1.30399,1.30418,1341100000
1240176600000,1.30424,1.30456,1.3035,1.30395,2222800000
1240177500000,1.304,1.3048,1.304,1.3043,2216700000
1240178400000,1.3043,1.30445,1.3018,1.30185,2109800000
1240179300000,1.30185,1.30305,1.30185,1.303,1292800000
1240180200000,1.303,1.30365,1.3024,1.3036,1228900000
1240181100000,1.3037,1.3047,1.30335,1.3044,1797500000
1240182000000,1.3045,1.30485,1.3028,1.3035,1983700000
1240182900000,1.3036,1.3037,1.302,1.3023,1840000000
1240183800000,1.3023,1.303,1.30175,1.3022,2616200000
1240184700000,1.3023,1.3027,1.3006,1.3007,3827200000
1240185600000,1.30065,1.3016,1.30065,1.3007,3961400000
1240186500000,1.3007,1.3012,1.2996,1.29985,7373000000
1240187400000,1.2999,1.3006,1.2968,1.298,6464400000
1240188300000,1.298,1.2986,1.2974,1.29845,5351000000
1240189200000,1.2985,1.2992,1.2975,1.29795,4427255372
1240190100000,1.29795,1.2982,1.29715,1.29775,4885400000
1240191000000,1.29775,1.2987,1.297,1.2975,5143800000
1240191900000,1.2976,1.29835,1.29725,1.2979,5303510744
1240192800000,1.2979,1.29855,1.2975,1.2976,3093455372
1240193700000,1.29765,1.299,1.29765,1.2989,2249683058
1240194600000,1.2989,1.2998,1.2989,1.29935,3236600000
1240195500000,1.2993,1.29995,1.29885,1.2993,2975200000
1240196400000,1.2993,1.3003,1.29925,1.29985,3173800000
1240197300000,1.29985,1.30055,1.2993,1.29995,2581800000
1240198200000,1.29995,1.3008,1.29995,1.3006,3193700000
1240199100000,1.3006,1.3006,1.3001,1.3002,2643400000
1240200000000,1.3002,1.3008,1.29998,1.3005,3210000000
1240200900000,1.30055,1.30125,1.3004,1.3012,3094300000
1240201800000,1.3012,1.3015,1.30075,1.3014,3261200000
1240202700000,1.3014,1.3018,1.30095,1.3017,3707300000
1240203600000,1.3017,1.3018,1.30075,1.301,3792200000
1240204500000,1.301,1.3014,1.3004,1.3012,4702000000
1240205400000,1.3013,1.30175,1.3008,1.3008,3663800000
1240206300000,1.30085,1.30085,1.2995,1.2998,6755510744
1240207200000,1.2998,1.3003,1.2983,1.3002,9269249174
1240208100000,1.30025,1.3006,1.2986,1.29935,8689300000
1240209000000,1.29935,1.2996,1.29735,1.29825,10244466114
1240209900000,1.2982,1.2994,1.29815,1.29905,8973255370
1240210800000,1.299,1.2996,1.2979,1.29815,10121121494
1240211700000,1.29815,1.2995,1.29755,1.29915,10066700000
1240212600000,1.2991,1.301,1.299,1.3002,10713083056
1240213500000,1.3002,1.3002,1.2983,1.2985,11176729372
1240214400000,1.2985,1.29925,1.2981,1.2984,8501649172
1240215300000,1.29845,1.2991,1.29725,1.2988,11362300000
1240216200000,1.2988,1.29895,1.29765,1.298,12970849174
1240217100000,1.298,1.2988,1.2958,1.2962,10942376858
1240218000000,1.2962,1.29695,1.296,1.29645,10450276860
1240218900000,1.29645,1.2974,1.29535,1.2954,9762187604
1240219800000,1.2954,1.29665,1.2952,1.29615,10298972200
1240220700000,1.2962,1.2967,1.2955,1.2956,8135300000
1240221600000,1.29565,1.2964,1.2946,1.29635,10184400000
1240222500000,1.29635,1.2973,1.29595,1.29725,8226200000
1240223400000,1.29725,1.29775,1.2955,1.29655,9439800000
1240224300000,1.29655,1.2972,1.29585,1.2961,7081900000
1240225200000,1.2961,1.29795,1.2959,1.2962,9565600000
1240226100000,1.29615,1.29635,1.295,1.295,9429000000
1240227000000,1.29495,1.29645,1.2949,1.2962,7387700000
1240227900000,1.29615,1.2972,1.29595,1.2966,5542400000
1240228800000,1.2966,1.29735,1.29635,1.29645,7697800000
1240229700000,1.29655,1.2979,1.2962,1.2976,7339600000
1240230600000,1.2976,1.298,1.29635,1.2965,8132400000
1240231500000,1.2966,1.2985,1.29655,1.298,7172400000
1240232400000,1.2981,1.29825,1.2964,1.2977,6598700000
1240233300000,1.29785,1.2985,1.2961,1.29715,6236800000
1240234200000,1.29715,1.2979,1.29625,1.2963,6128100000
1240235100000,1.2963,1.2963,1.2917,1.2923,12331300000
1240236000000,1.2922,1.29235,1.2891,1.2902,10149200000
1240236900000,1.2902,1.2913,1.2891,1.2907,8090600000
1240237800000,1.29075,1.29125,1.2898,1.2906,8054100000
1240238700000,1.29065,1.2921,1.2899,1.2921,9462500000
1240239600000,1.2921,1.2935,1.2917,1.2931,9960100000
1240240500000,1.2932,1.2932,1.29185,1.2921,7214800000
1240241400000,1.2921,1.2921,1.2896,1.28995,8736200000
1240242300000,1.28995,1.2908,1.2898,1.29015,5969700000
1240243200000,1.2902,1.2923,1.29015,1.292,7382700000
1240244100000,1.29205,1.2924,1.2913,1.29165,4911300000
1240245000000,1.29165,1.29295,1.29165,1.2925,3587100000
1240245900000,1.2925,1.2931,1.2923,1.293,3051400000
1240246800000,1.29305,1.2931,1.29095,1.2911,3703600000
1240247700000,1.291,1.29115,1.2898,1.29115,5287200000
1240248600000,1.29115,1.2916,1.2906,1.2913,3571000000
1240249500000,1.2913,1.2926,1.29125,1.29255,3276900000
1240250400000,1.2925,1.29335,1.292,1.2926,3785500000
1240251300000,1.2926,1.29315,1.2922,1.29315,2692550000
1240252200000,1.2932,1.2936,1.292,1.29255,5064000000
1240253100000,1.2925,1.29305,1.2922,1.2922,3534900000
1240254000000,1.29215,1.2936,1.29175,1.2934,3299600000
1240254900000,1.29335,1.2941,1.29265,1.29275,3039600000
1240255800000,1.29275,1.29335,1.29205,1.29235,3271900000
1240256700000,1.29235,1.29305,1.29225,1.2925,4654200000
1240257600000,1.29245,1.29285,1.292,1.29245,2764600000
1240258500000,1.29245,1.29285,1.2923,1.2924,1558200000
1240259400000,1.2924,1.2925,1.2919,1.292,1905900000
1240260300000,1.29195,1.29245,1.29195,1.29208,1275000000
1240261200000,1.29203,1.2923,1.29165,1.29165,522400000
1240262100000,1.29165,1.2919,1.29125,1.29135,1154300000
1240263000000,1.2913,1.2924,1.2912,1.29225,1843200000
1240263900000,1.29225,1.2927,1.29184,1.2925,1348200000
1240264800000,1.2926,1.2927,1.29225,1.29235,1120900000
1240265700000,1.2923,1.2928,1.29215,1.2925,1139000000
1240266600000,1.2925,1.2929,1.29215,1.2924,1683500000
1240267500000,1.29235,1.2928,1.29224,1.2926,2180300000
1240268400000,1.29265,1.2934,1.29245,1.29305,2816600000
1240269300000,1.29305,1.29315,1.29235,1.29245,2049600000
1240270200000,1.29235,1.29285,1.29205,1.2923,2125400000
1240271100000,1.2923,1.2924,1.2899,1.2904,3193200000
1240272000000,1.2904,1.2911,1.29028,1.2905,4938600000
1240272900000,1.2905,1.2907,1.28965,1.2904,5608700000
1240273800000,1.2903,1.2923,1.2903,1.29125,4200300000
1240274700000,1.2912,1.2921,1.29095,1.2913,4511600000
1240275600000,1.29125,1.29425,1.29045,1.2935,6409900000
1240276500000,1.2935,1.2938,1.29255,1.29255,3887200000
1240277400000,1.2926,1.2929,1.2918,1.2919,3665400000
1240278300000,1.2919,1.2925,1.2918,1.2919,3045400000
1240279200000,1.2919,1.2924,1.29175,1.29205,3003122476
1240280100000,1.29205,1.2927,1.292,1.29235,2555600000
1240281000000,1.29235,1.2934,1.292,1.2931,3145900000
1240281900000,1.2931,1.2938,1.2931,1.2933,2119800000
1240282800000,1.2933,1.2936,1.29285,1.29315,3917400000
1240283700000,1.29315,1.29415,1.2931,1.2939,2923400000
1240284600000,1.2939,1.29425,1.2934,1.2938,3141300000
1240285500000,1.2938,1.2942,1.293,1.2937,2947600000
1240286400000,1.29365,1.29405,1.2933,1.29335,2579300000
1240287300000,1.29335,1.2935,1.29314,1.29325,1456400000
1240288200000,1.29325,1.2948,1.29315,1.29445,3443300000
1240289100000,1.2945,1.29475,1.2942,1.2945,3300300000
1240290000000,1.2947,1.2953,1.29425,1.2946,5139200000
1240290900000,1.2946,1.2951,1.29415,1.2944,3430800000
1240291800000,1.29443,1.29515,1.2941,1.2949,4108600000
1240292700000,1.2949,1.295,1.2942,1.2949,3414300000
1240293600000,1.29485,1.2949,1.29215,1.2933,7913611401
1240294500000,1.2933,1.29405,1.2922,1.29325,7355100000
1240295400000,1.29315,1.2932,1.2914,1.29185,7582495794
1240296300000,1.29185,1.29215,1.28985,1.29045,9234000000
1240297200000,1.2904,1.2922,1.29035,1.29195,8825800000
1240298100000,1.29195,1.293,1.2913,1.29295,8063800000
1240299000000,1.29295,1.29345,1.2924,1.29315,8169500000
1240299900000,1.2932,1.2945,1.29305,1.294,11571200000
1240300800000,1.2939,1.2942,1.29285,1.29305,8611400000
1240301700000,1.293,1.2954,1.293,1.2951,7463400000
1240302600000,1.29505,1.2956,1.2942,1.2948,9011900000
1240303500000,1.29475,1.2964,1.2947,1.29555,8782781400
1240304400000,1.29555,1.2989,1.29555,1.29625,10321200000
1240305300000,1.29625,1.2973,1.2957,1.29585,5751000000
1240306200000,1.2958,1.2974,1.2958,1.2959,7504200000
1240307100000,1.2959,1.2961,1.29515,1.2954,6839700000
1240308000000,1.2954,1.297,1.29515,1.2955,10101600000
1240308900000,1.2955,1.2964,1.29505,1.29565,6153159992
1240309800000,1.29565,1.29605,1.2948,1.2948,10698200000
1240310700000,1.29485,1.29485,1.29355,1.29355,8022400000
1240311600000,1.29355,1.2943,1.29335,1.29395,8120000000
1240312500000,1.294,1.29455,1.293,1.293,8745000000
1240313400000,1.2931,1.2935,1.29195,1.29238,9377400000
1240314300000,1.29225,1.293,1.29225,1.2924,8764800000
1240315200000,1.2924,1.29315,1.29185,1.29305,8184200000
1240316100000,1.29305,1.2939,1.2927,1.29335,9684600000
1240317000000,1.2934,1.2939,1.2923,1.29355,11211300000
1240317900000,1.29355,1.29415,1.2928,1.2934,10279700000
1240318800000,1.2934,1.2934,1.29115,1.29295,11684200000
1240319700000,1.29295,1.2941,1.29255,1.2931,8203300000
1240320600000,1.2931,1.297,1.2931,1.2964,12044900000
1240321500000,1.29635,1.29815,1.29635,1.2964,12084700000
1240322400000,1.29645,1.2975,1.2954,1.29625,11319900000
1240323300000,1.2963,1.297,1.2956,1.2959,12826100000
1240324200000,1.29595,1.29615,1.29505,1.29595,8827000000
1240325100000,1.29595,1.2966,1.29515,1.29525,7870900000
1240326000000,1.2952,1.2964,1.29475,1.2963,8303300000
1240326900000,1.2964,1.2984,1.2963,1.2966,11568600000
1240327800000,1.2966,1.2979,1.2963,1.29785,7785600000
1240328700000,1.2979,1.29935,1.2972,1.29775,11192000000
1240329600000,1.2977,1.2981,1.29535,1.2963,7918000000
1240330500000,1.29625,1.2975,1.2961,1.2963,6387500000
1240331400000,1.2963,1.2972,1.2963,1.2968,4163500000
1240332300000,1.2968,1.2981,1.29625,1.2965,4609000000
1240333200000,1.2965,1.2966,1.2956,1.29615,4504100000
1240334100000,1.29615,1.29635,1.2952,1.2956,3706300000
1240335000000,1.29565,1.29625,1.2955,1.296,4313100000
1240335900000,1.29595,1.2968,1.2954,1.29565,3708000000
1240336800000,1.29565,1.2964,1.295,1.295,4207980000
1240337700000,1.29505,1.2954,1.2944,1.29465,3572800000
1240338600000,1.2946,1.2949,1.2933,1.29395,6099400000
1240339500000,1.29395,1.29455,1.2927,1.2927,5617300000
1240340400000,1.2928,1.2947,1.29245,1.2945,3144600000
1240341300000,1.2946,1.29525,1.29355,1.29365,4238300000
1240342200000,1.29365,1.294,1.29345,1.29345,2043200000
1240343100000,1.2935,1.294,1.29325,1.29385,3356400000
1240344000000,1.29385,1.29435,1.2936,1.29425,3914800000
1240344900000,1.29425,1.2944,1.2939,1.2942,1359900000
1240345800000,1.29425,1.2951,1.29415,1.29495,1653000000
1240346700000,1.29495,1.29515,1.29425,1.29458,1502300000
1240347600000,1.29456,1.29525,1.2944,1.29505,1344000000
1240348500000,1.29499,1.2952,1.2933,1.2934,2220000000
1240349400000,1.2934,1.2949,1.2934,1.29458,2131400000
1240350300000,1.29458,1.2949,1.29405,1.29475,1803200000
1240351200000,1.29465,1.29475,1.29365,1.29375,1800300000
1240352100000,1.29375,1.2944,1.2935,1.2943,2404400000
1240353000000,1.2943,1.2951,1.29405,1.2945,2076200000
1240353900000,1.29455,1.2946,1.29245,1.2933,3243600000
1240354800000,1.29335,1.29415,1.2927,1.29415,2380800000
1240355700000,1.2942,1.29515,1.29415,1.2946,4233400000
1240356600000,1.2946,1.2946,1.2941,1.2945,2437200000
1240357500000,1.2945,1.29575,1.2928,1.29355,5478200000
1240358400000,1.2935,1.2939,1.2925,1.2927,5641000000
1240359300000,1.2927,1.2932,1.2922,1.2929,3218300000
1240360200000,1.29295,1.293,1.2917,1.2918,4464800000
1240361100000,1.2918,1.2927,1.29125,1.2921,6463900000
1240362000000,1.29215,1.2931,1.2912,1.2916,4932200000
1240362900000,1.2917,1.29275,1.2914,1.2922,5696500000
1240363800000,1.2923,1.2931,1.2911,1.29145,5023200000
1240364700000,1.29145,1.2933,1.29145,1.29285,8208800000
1240365600000,1.2928,1.2941,1.2928,1.2939,3689800000
1240366500000,1.2939,1.2939,1.29295,1.29355,3626000000
1240367400000,1.29355,1.2943,1.29335,1.2938,3862600000
1240368300000,1.2938,1.29395,1.2929,1.2935,3878800000
1240369200000,1.2935,1.2935,1.29255,1.2927,2850400000
1240370100000,1.2928,1.2934,1.29257,1.29335,1299400000
1240371000000,1.2934,1.29345,1.2922,1.29225,3493800000
1240371900000,1.29225,1.2927,1.2921,1.29255,2206200000
1240372800000,1.29255,1.29335,1.2925,1.29265,2623300000
1240373700000,1.29265,1.29305,1.29175,1.2923,3207700000
1240374600000,1.2922,1.2931,1.29168,1.2931,3003200000
1240375500000,1.29315,1.2934,1.2929,1.29325,3514800000
1240376400000,1.29325,1.2935,1.2922,1.2935,3199800000
1240377300000,1.2935,1.294,1.2929,1.2937,4308600000
1240378200000,1.2937,1.2941,1.29335,1.29365,2846200000
1240379100000,1.29365,1.29405,1.2926,1.2934,3943600000
1240380000000,1.29335,1.295,1.29305,1.2944,7809800000
1240380900000,1.2944,1.2947,1.2937,1.29414,8562800000
1240381800000,1.29425,1.2944,1.2937,1.2938,8867100000
1240382700000,1.2938,1.2939,1.2915,1.2915,11550100000
1240383600000,1.2916,1.2919,1.28845,1.2896,14198800000
1240384500000,1.28955,1.2913,1.2894,1.29085,12129400000
1240385400000,1.2908,1.2916,1.2903,1.2915,11752700000
1240386300000,1.2915,1.2927,1.2908,1.2926,11935700000
1240387200000,1.29255,1.29335,1.2918,1.2929,11637400000
1240388100000,1.2929,1.29295,1.2916,1.2926,9565500000
1240389000000,1.2926,1.2932,1.2911,1.2918,9023700000
1240389900000,1.29185,1.2927,1.29185,1.2921,9729500000
1240390800000,1.2921,1.2936,1.29205,1.2934,11644200000
1240391700000,1.2934,1.29415,1.2928,1.294,8144800000
1240392600000,1.294,1.29465,1.29345,1.2942,6932200000
1240393500000,1.29425,1.295,1.2938,1.2945,9375600000
1240394400000,1.2945,1.29465,1.29354,1.2943,9165900000
1240395300000,1.2944,1.2957,1.2942,1.2952,9486600000
1240396200000,1.2952,1.2954,1.294,1.29405,9462700000
1240397100000,1.2941,1.29495,1.2939,1.2944,8781700000
1240398000000,1.29435,1.2946,1.29335,1.29375,7995900000
1240398900000,1.29375,1.2946,1.29335,1.2945,7071700000
1240399800000,1.29445,1.29445,1.29375,1.29435,7975700000
1240400700000,1.2943,1.2967,1.2941,1.2959,9140200000
1240401600000,1.29585,1.2961,1.2938,1.2946,11859600000
1240402500000,1.29465,1.29655,1.2936,1.29615,11986400000
1240403400000,1.2961,1.2965,1.2943,1.2949,10426700000
1240404300000,1.29495,1.29545,1.2939,1.29505,7518600000
1240405200000,1.295,1.2951,1.292,1.29355,10473000000
1240406100000,1.2936,1.29935,1.2935,1.2987,10113400000
1240407000000,1.2987,1.2997,1.29735,1.2985,9963100000
1240407900000,1.29845,1.3015,1.29825,1.2998,11145700000
1240408800000,1.2998,1.3024,1.29965,1.3017,9339900000
1240409700000,1.30165,1.30335,1.30165,1.3028,10641800000
1240410600000,1.30275,1.3032,1.3015,1.3017,10684600000
1240411500000,1.3017,1.3024,1.3011,1.3015,9712400000
1240412400000,1.3015,1.30155,1.2996,1.3008,8350600000
1240413300000,1.3008,1.3022,1.30065,1.302,8724700000
1240414200000,1.302,1.3037,1.30145,1.30315,9005800000
1240415100000,1.30315,1.3032,1.3008,1.3012,7837900000
1240416000000,1.30115,1.3013,1.3002,1.3009,7869500000
1240416900000,1.3009,1.3011,1.2993,1.2993,5684200000
1240417800000,1.2993,1.2998,1.2988,1.2993,5621800000
1240418700000,1.2993,1.30015,1.29855,1.2998,4169700000
1240419600000,1.2998,1.30075,1.2995,1.30045,4598000000
1240420500000,1.3004,1.30135,1.3002,1.3011,4451200000
1240421400000,1.3011,1.3019,1.3005,1.3009,5792800000
1240422300000,1.3009,1.30135,1.2999,1.29995,3647100000
1240423200000,1.30005,1.3008,1.3,1.30075,3568700000
1240424100000,1.30075,1.3018,1.30075,1.3016,5844600000
1240425000000,1.30163,1.3036,1.30163,1.3029,6219000000
1240425900000,1.3029,1.3033,1.3018,1.3018,4856400000
1240426800000,1.30175,1.3029,1.3014,1.30245,2276300000
1240427700000,1.30255,1.3029,1.3015,1.30175,3133100000
1240428600000,1.30165,1.3021,1.3001,1.3005,4863400000
1240429500000,1.3005,1.3006,1.29925,1.2995,5871800000
1240430400000,1.2995,1.3001,1.29905,1.29965,4389900000
1240431300000,1.29965,1.30025,1.2992,1.3002,2561900000
1240432200000,1.3002,1.3003,1.3,1.30025,1694300000
1240433100000,1.30025,1.3006,1.30015,1.3005,1370700000
1240434000000,1.30045,1.30045,1.29963,1.2999,1265000000
1240434900000,1.2999,1.3001,1.29935,1.29975,1239900000
1240435800000,1.2997,1.3004,1.29921,1.29965,1394100000
1240436700000,1.29965,1.30035,1.2992,1.3002,1923500000
1240437600000,1.30025,1.3005,1.29995,1.3,2297800000
1240438500000,1.3,1.3005,1.2996,1.2999,1595500000
1240439400000,1.3,1.3003,1.29995,1.3002,2892000000
1240440300000,1.3002,1.3007,1.3002,1.3002,1176500000
1240441200000,1.3002,1.3006,1.30006,1.3002,2256600000
1240442100000,1.30025,1.3007,1.2997,1.3,2326000000
1240443000000,1.3,1.30045,1.2995,1.2998,2199400000
1240443900000,1.29975,1.30075,1.2997,1.30075,1369000000
1240444800000,1.30065,1.30115,1.3001,1.3007,3015100000
1240445700000,1.3007,1.3007,1.29965,1.2999,2454400000
1240446600000,1.2999,1.3006,1.29985,1.3004,1732800000
1240447500000,1.3004,1.3004,1.29875,1.2993,4366600000
1240448400000,1.2993,1.2997,1.2987,1.2991,3217600000
1240449300000,1.2991,1.2996,1.2986,1.2986,2166619902
1240450200000,1.2986,1.2992,1.29795,1.2989,4988800000
1240451100000,1.29885,1.29955,1.29835,1.29935,2518100000
1240452000000,1.2993,1.29975,1.2992,1.29935,2537800000
1240452900000,1.2993,1.2993,1.29835,1.29905,2116200000
1240453800000,1.29925,1.29925,1.29855,1.2986,1266800000
1240454700000,1.2986,1.29875,1.2983,1.2986,1754000000
1240455600000,1.2986,1.2988,1.29829,1.2986,1148400000
1240456500000,1.2986,1.2994,1.2986,1.2993,1638300000
1240457400000,1.2993,1.2993,1.29849,1.299,2095600000
1240458300000,1.299,1.3,1.299,1.2998,2068600000
1240459200000,1.2999,1.3005,1.2998,1.3001,2839800000
1240460100000,1.3001,1.30035,1.2996,1.3001,1928600000
1240461000000,1.3001,1.3012,1.30005,1.30045,2187000000
1240461900000,1.30045,1.30075,1.30015,1.30065,1617200000
1240462800000,1.3007,1.3017,1.3007,1.30145,3073200000
1240463700000,1.3015,1.3029,1.3015,1.3027,4136447685
1240464600000,1.3027,1.3035,1.3018,1.30225,6162900000
1240465500000,1.30215,1.30325,1.3021,1.3026,6503200000
1240466400000,1.3026,1.3031,1.3015,1.3026,6365900000
1240467300000,1.3026,1.3051,1.3026,1.30375,8479300000
1240468200000,1.30375,1.3042,1.30265,1.3031,10181900000
1240469100000,1.30315,1.304,1.30255,1.3026,7981700000
1240470000000,1.3026,1.3031,1.3019,1.30295,9892700000
1240470900000,1.3029,1.30315,1.30105,1.30165,13260500000
1240471800000,1.3017,1.30205,1.3006,1.3008,10436100000
1240472700000,1.30075,1.3013,1.2998,1.30075,8702600000
1240473600000,1.30075,1.3026,1.3006,1.3023,8103200000
1240474500000,1.3023,1.30375,1.30205,1.30365,8740500000
1240475400000,1.3036,1.3037,1.3029,1.30345,7506300000
1240476300000,1.30345,1.3046,1.30305,1.30415,7193200000
1240477200000,1.3043,1.3063,1.30375,1.3058,11776000000
1240478100000,1.3058,1.3066,1.30525,1.3056,6520300000
1240479000000,1.3056,1.3068,1.30525,1.3067,7243900000
1240479900000,1.30675,1.3072,1.3061,1.3068,9313300000
1240480800000,1.3068,1.3071,1.3055,1.30605,7789400000
1240481700000,1.30605,1.3074,1.30575,1.30625,6288100000
1240482600000,1.30625,1.3064,1.30505,1.3055,7829000000
1240483500000,1.30545,1.3055,1.30425,1.3047,7838300000
1240484400000,1.30475,1.3062,1.30475,1.3062,7606100000
1240485300000,1.3061,1.3083,1.3061,1.3075,8782940296
1240486200000,1.3075,1.3087,1.3067,1.3068,8156200000
1240487100000,1.3067,1.30675,1.305,1.3059,9238400000
1240488000000,1.3059,1.30605,1.3046,1.305,8209700000
1240488900000,1.305,1.30615,1.30395,1.304,9491900000
1240489800000,1.30405,1.3049,1.30205,1.3025,9554400000
1240490700000,1.3024,1.30455,1.3024,1.3038,7721200000
1240491600000,1.3038,1.3038,1.3023,1.30315,7657896000
1240492500000,1.30325,1.3033,1.301,1.3012,9240600000
1240493400000,1.30125,1.30185,1.3006,1.3013,9773500000
1240494300000,1.30125,1.3018,1.30045,1.3008,8437400000
1240495200000,1.30085,1.3031,1.3003,1.3024,8461500000
1240496100000,1.3023,1.3038,1.30205,1.3038,9593200000
1240497000000,1.3038,1.30475,1.3033,1.30425,9846700000
1240497900000,1.3042,1.30615,1.3036,1.3046,10239600000
1240498800000,1.30445,1.3053,1.3029,1.30315,7485900000
1240499700000,1.30315,1.3052,1.30295,1.3052,4921100000
1240500600000,1.3052,1.3068,1.3044,1.30655,5395900000
1240501500000,1.3066,1.3066,1.3043,1.3047,7283700000
1240502400000,1.3046,1.3069,1.3046,1.3068,5928700000
1240503300000,1.30675,1.30735,1.3064,1.30655,4212000000
1240504200000,1.3066,1.3071,1.30595,1.3065,3245100000
1240505100000,1.3065,1.3085,1.3065,1.3072,6443000000
1240506000000,1.30725,1.30805,1.3071,1.3074,5808100000
1240506900000,1.3074,1.3097,1.30725,1.30945,6136600000
1240507800000,1.30945,1.3103,1.3091,1.3095,8227100000
1240508700000,1.3095,1.31,1.30895,1.3092,6604000000
1240509600000,1.3092,1.30955,1.30852,1.3087,4564500000
1240510500000,1.30865,1.31,1.30865,1.31,5502500000
1240511400000,1.3099,1.3108,1.30955,1.3108,6413800000
1240512300000,1.3109,1.3122,1.31085,1.31145,8574800000
1240513200000,1.31145,1.3118,1.3103,1.31105,5669600000
1240514100000,1.31095,1.3115,1.31055,1.31105,4972800000
1240515000000,1.3111,1.3129,1.3105,1.31275,8023600000
1240515900000,1.31275,1.31535,1.3126,1.314,8600600000
1240516800000,1.314,1.31605,1.3139,1.3149,5871600000
1240517700000,1.3148,1.31505,1.3145,1.31495,2123900000
1240518600000,1.31495,1.31555,1.3146,1.3148,2658300000
1240519500000,1.31475,1.31485,1.31425,1.31425,2098100000
1240520400000,1.3142,1.3146,1.31405,1.31445,872800000
1240521300000,1.3145,1.3151,1.31405,1.31475,2254000000
1240522200000,1.31475,1.31475,1.3134,1.31355,1861800000
1240523100000,1.31365,1.31385,1.3132,1.31335,1335600000
1240524000000,1.3134,1.3138,1.313,1.31365,1558200000
1240524900000,1.31365,1.3144,1.3136,1.31395,1709300000
1240525800000,1.31395,1.31395,1.3131,1.3131,1766600000
1240526700000,1.31315,1.314,1.31293,1.3139,2940300000
1240527600000,1.3139,1.3144,1.31355,1.3143,3384100000
1240528500000,1.3143,1.3143,1.31335,1.3136,1965600000
1240529400000,1.3136,1.3136,1.31265,1.3127,1960600000
1240530300000,1.3127,1.313,1.31245,1.3125,2523600000
1240531200000,1.3125,1.31275,1.3117,1.3118,4194600000
1240532100000,1.3118,1.3127,1.31125,1.3125,4408700000
1240533000000,1.3125,1.31325,1.31215,1.31325,3263000000
1240533900000,1.31325,1.3134,1.31255,1.3129,3336700000
1240534800000,1.3129,1.3136,1.31205,1.3131,4173800000
1240535700000,1.3131,1.31375,1.31245,1.3135,5563500000
1240536600000,1.3135,1.3138,1.31335,1.31345,2277200000
1240537500000,1.31345,1.3139,1.3133,1.3134,1999900000
1240538400000,1.3134,1.3143,1.31325,1.3141,1782900000
1240539300000,1.3141,1.3156,1.31397,1.3151,5269200000
1240540200000,1.3151,1.3162,1.31495,1.3154,4397500000
1240541100000,1.3154,1.3157,1.3147,1.3153,5172800000
1240542000000,1.3153,1.3155,1.3141,1.31425,3657100000
1240542900000,1.31425,1.3157,1.31425,1.31555,2667400000
1240543800000,1.31555,1.3158,1.31405,1.31415,2912800000
1240544700000,1.31415,1.31485,1.3141,1.31465,2702100000
1240545600000,1.31465,1.3149,1.31385,1.31455,2778800000
1240546500000,1.31455,1.31455,1.31375,1.31425,2647200000
1240547400000,1.3143,1.31505,1.314,1.31415,3644700000
1240548300000,1.3141,1.31475,1.3139,1.31425,2249300000
1240549200000,1.31425,1.316,1.314,1.3158,5189700000
1240550100000,1.31575,1.3178,1.3157,1.3177,7483900000
1240551000000,1.3177,1.31895,1.317,1.3177,7065800000
1240551900000,1.3176,1.3186,1.31685,1.31775,5723800000
1240552800000,1.31775,1.3179,1.3165,1.31755,5578300000
1240553700000,1.3176,1.3176,1.3158,1.3164,7305800000
1240554600000,1.31645,1.31785,1.31645,1.31715,8268800000
1240555500000,1.31715,1.3177,1.31615,1.3175,7605900000
1240556400000,1.31755,1.31965,1.3167,1.319,10980800000
1240557300000,1.319,1.31985,1.3185,1.3194,10673800000
1240558200000,1.31935,1.32065,1.3187,1.3188,11761900000
1240559100000,1.3188,1.31985,1.3188,1.319,10614300000
1240560000000,1.319,1.32375,1.319,1.3225,13650400000
1240560900000,1.32245,1.32695,1.32235,1.3267,11101400000
1240561800000,1.32675,1.32715,1.32355,1.3244,11606800000
1240562700000,1.3244,1.3251,1.3237,1.3244,8223600000
1240563600000,1.3244,1.3253,1.3236,1.32465,9611200000
1240564500000,1.32465,1.32475,1.32296,1.32385,6778000000
1240565400000,1.32385,1.3242,1.3217,1.32175,11020100000
1240566300000,1.3217,1.32275,1.3217,1.32255,8646900000
1240567200000,1.3226,1.32325,1.32225,1.3223,6508500000
1240568100000,1.32235,1.323,1.3221,1.3221,6173100000
1240569000000,1.3221,1.3258,1.3218,1.32515,9007600000
1240569900000,1.32515,1.32555,1.3245,1.3246,9427200000
1240570800000,1.32445,1.32665,1.324,1.3251,9326900000
1240571700000,1.32515,1.32635,1.3243,1.3245,8298800000
1240572600000,1.32465,1.3249,1.3231,1.3234,11287600000
1240573500000,1.3234,1.32465,1.3232,1.3239,8150500000
1240574400000,1.3239,1.3251,1.3231,1.3232,9187200000
1240575300000,1.32325,1.32445,1.3232,1.32325,7201000000
1240576200000,1.32315,1.3239,1.32055,1.32105,5589500000
1240577100000,1.32105,1.32485,1.321,1.3243,5978200000
1240578000000,1.32425,1.32655,1.32425,1.32595,7484900000
1240578900000,1.326,1.3285,1.3256,1.32765,9808000000
1240579800000,1.32765,1.32975,1.3268,1.3274,11027350240
1240580700000,1.3274,1.3276,1.32565,1.32655,10460400000
1240581600000,1.3265,1.32775,1.3247,1.3255,8364700000
1240582500000,1.32545,1.32625,1.3249,1.3262,10469200000
1240583400000,1.3262,1.32765,1.3251,1.32515,7131800000
1240584300000,1.3252,1.32585,1.3247,1.325,8642300000
1240585200000,1.32505,1.3266,1.3249,1.32645,7664000000
1240586100000,1.3264,1.3274,1.3258,1.32665,7506500000
1240587000000,1.3266,1.32805,1.32655,1.32735,8324700000
1240587900000,1.32735,1.3287,1.3272,1.3276,7295200000
1240588800000,1.3276,1.3292,1.3276,1.3278,7791000000
1240589700000,1.3279,1.3287,1.32755,1.3284,5830900000
1240590600000,1.3284,1.3301,1.3283,1.3297,4969900000
1240591500000,1.3297,1.3298,1.3267,1.32735,7351000000
1240592400000,1.32735,1.32765,1.3266,1.32685,3505700000
1240593300000,1.3269,1.3278,1.3258,1.32595,3837300000
1240594200000,1.32595,1.3263,1.32515,1.32555,5100400000
1240595100000,1.32555,1.32575,1.325,1.32515,2830000000
1240596000000,1.3251,1.32635,1.32325,1.3238,8037100000
1240596900000,1.32395,1.3278,1.3235,1.32775,7118300000
1240597800000,1.3278,1.3283,1.32645,1.3266,6390400000
1240598700000,1.3266,1.3268,1.324,1.32475,5010200000
1240599600000,1.3248,1.3253,1.3244,1.3244,3016200000
1240600500000,1.3244,1.3247,1.3237,1.3246,2330400000
1240601400000,1.3246,1.32715,1.3246,1.3255,2607700000
1240602300000,1.3255,1.32595,1.3238,1.32415,4749300000
1240603200000,1.32425,1.3245,1.3239,1.32425,2317000000
1240604100000,1.32425,1.32435,1.3236,1.3236,1649000000
1240605000000,1.3236,1.3244,1.3233,1.3236,1487700000
1240605900000,1.3237,1.3247,1.3236,1.32395,1440800000
1240779600000,1.3244,1.32458,1.32345,1.32355,1017400000
1240780500000,1.32365,1.32397,1.32345,1.3236,646000000
1240781400000,1.32368,1.32429,1.32334,1.32408,1646000000
1240782300000,1.32395,1.32445,1.32381,1.32425,1142000000
1240783200000,1.3245,1.3245,1.32275,1.32275,3025200000
1240784100000,1.3229,1.3237,1.3226,1.32285,1619500000
1240785000000,1.32305,1.32375,1.32265,1.32315,1819000000
1240785900000,1.32315,1.32315,1.3224,1.3224,1540300000
1240786800000,1.3224,1.32285,1.32225,1.32265,1617200000
1240787700000,1.32255,1.32315,1.32235,1.32235,1840700000
1240788600000,1.32235,1.3224,1.322,1.3222,2132300000
1240789500000,1.32225,1.32255,1.32185,1.32185,2618400000
1240790400000,1.32185,1.32185,1.31895,1.3192,8053500000
1240791300000,1.3192,1.31945,1.31785,1.3182,6701500000
1240792200000,1.31815,1.31995,1.318,1.31905,5707600000
1240793100000,1.319,1.3197,1.3183,1.31955,4653900000
1240794000000,1.31955,1.3198,1.31855,1.31945,3945800000
1240794900000,1.31945,1.32025,1.31885,1.3202,4924900000
1240795800000,1.3202,1.3202,1.319,1.31935,3547800000
1240796700000,1.31935,1.3195,1.3182,1.31865,3920100000
1240797600000,1.3187,1.3187,1.3171,1.3173,5542000000
1240798500000,1.3174,1.31785,1.31655,1.317,3943300000
1240799400000,1.317,1.3178,1.31685,1.3174,3040500000
1240800300000,1.3174,1.3176,1.31635,1.31635,3308300000
1240801200000,1.3164,1.3169,1.316,1.3163,3351700000
1240802100000,1.31625,1.3176,1.3162,1.31745,2772600000
1240803000000,1.31745,1.31755,1.31585,1.31625,2976500000
1240803900000,1.31625,1.3166,1.31555,1.31645,5550900000
1240804800000,1.31645,1.31735,1.316,1.3169,3522100000
1240805700000,1.31705,1.31725,1.31585,1.317,3615000000
1240806600000,1.31705,1.31735,1.3162,1.3162,2988300000
1240807500000,1.3162,1.3167,1.31605,1.31665,1741300000
1240808400000,1.31665,1.31715,1.3165,1.3166,2459500000
1240809300000,1.31665,1.3179,1.3161,1.31785,3303500000
1240810200000,1.31785,1.3181,1.3169,1.31735,4166200000
1240811100000,1.3173,1.31735,1.31515,1.31635,6943700000
1240812000000,1.3163,1.3164,1.31385,1.31445,7738400000
1240812900000,1.3145,1.3151,1.3135,1.315,8458900000
1240813800000,1.315,1.3154,1.313,1.3133,10162800000
1240814700000,1.3133,1.31435,1.31275,1.3129,9442000000
1240815600000,1.31285,1.314,1.3119,1.31365,11722500000
1240816500000,1.3136,1.31375,1.3123,1.31355,8880000000
1240817400000,1.31355,1.31575,1.31355,1.31565,9172700000
1240818300000,1.31565,1.3166,1.3151,1.3166,8977900000
1240819200000,1.31655,1.3178,1.3159,1.3161,11103800000
1240820100000,1.3161,1.3182,1.3158,1.3172,9679800000
1240821000000,1.3172,1.31735,1.31585,1.3162,10365300000
1240821900000,1.3162,1.31735,1.3162,1.31665,6450700000
1240822800000,1.3167,1.317,1.31525,1.3156,7838100000
1240823700000,1.3156,1.3157,1.3138,1.31435,8619900000
1240824600000,1.31435,1.3149,1.314,1.31485,4966000000
1240825500000,1.31485,1.3156,1.31385,1.3139,8871400000
1240826400000,1.3139,1.3145,1.3129,1.31365,11948900000
1240827300000,1.3137,1.31415,1.313,1.3138,7836300000
1240828200000,1.31375,1.3151,1.3136,1.31495,8772600000
1240829100000,1.31485,1.31515,1.3129,1.3129,8927300000
1240830000000,1.3129,1.315,1.3127,1.3141,8250300000
1240830900000,1.31415,1.3146,1.31345,1.3146,5182200000
1240831800000,1.3146,1.3151,1.31375,1.31425,4970100000
1240832700000,1.31425,1.3148,1.31385,1.3139,3389100000
1240833600000,1.3139,1.314,1.3123,1.31235,7620100000
1240834500000,1.31235,1.313,1.3114,1.31195,6925300000
1240835400000,1.31195,1.3125,1.3106,1.31115,6075100000
1240836300000,1.3111,1.3115,1.30935,1.31125,8549400000
1240837200000,1.31125,1.3119,1.31075,1.3119,6847500000
1240838100000,1.31195,1.31225,1.3113,1.3119,5891900000
1240839000000,1.3119,1.3123,1.3099,1.3106,9659800000
1240839900000,1.3107,1.311,1.3088,1.31,10974400000
1240840800000,1.31,1.3126,1.3093,1.3119,7837540000
1240841700000,1.3119,1.3125,1.3102,1.31175,9448280000
1240842600000,1.31185,1.3137,1.3115,1.31295,9264900000
1240843500000,1.313,1.3136,1.3122,1.3128,9164800000
1240844400000,1.31275,1.3135,1.31185,1.3124,8674200000
1240845300000,1.3124,1.3125,1.31025,1.3114,7397500000
1240846200000,1.3114,1.31275,1.31105,1.3125,5695600000
1240847100000,1.3125,1.31455,1.31195,1.31345,7384800000
1240848000000,1.31345,1.3157,1.3134,1.3156,7410200000
1240848900000,1.3157,1.3159,1.31285,1.31335,5115700000
1240849800000,1.3134,1.3141,1.3119,1.3123,4007500000
1240850700000,1.3123,1.3131,1.312,1.31255,3212800000
1240851600000,1.31255,1.3128,1.3044,1.30605,11313936658
1240852500000,1.306,1.3062,1.30175,1.30215,10387069962
1240853400000,1.3022,1.3027,1.3008,1.30205,10073800000
1240854300000,1.3021,1.3021,1.29985,1.3005,9826300000
1240855200000,1.30055,1.3017,1.3,1.3017,7208500000
1240856100000,1.3016,1.30255,1.3008,1.30255,7275000000
1240857000000,1.30255,1.3028,1.30125,1.3015,4381200000
1240857900000,1.30155,1.3029,1.3014,1.30205,3766300000
1240858800000,1.30205,1.3022,1.3004,1.30135,3088300000
1240859700000,1.30145,1.3029,1.3011,1.3028,3837400000
1240860600000,1.3028,1.30385,1.30245,1.3036,2437300000
1240861500000,1.30355,1.3042,1.3031,1.3032,3554400000
1240862400000,1.30315,1.3034,1.30245,1.30315,1813600000
1240863300000,1.3032,1.304,1.3031,1.3039,1308300000
1240864200000,1.3039,1.3044,1.3037,1.30375,1429100000
1240865100000,1.30375,1.3038,1.3028,1.3035,2946292000
1240866000000,1.30333,1.30365,1.30195,1.30245,747800000
1240866900000,1.30245,1.3026,1.30105,1.30115,1314900000
1240867800000,1.30115,1.302,1.30115,1.30181,1250200000
1240868700000,1.3019,1.3021,1.3012,1.30175,1623800000
1240869600000,1.3018,1.30275,1.3018,1.30275,1723600000
1240870500000,1.3027,1.30278,1.30236,1.3024,1240800000
1240871400000,1.3024,1.3026,1.30165,1.3017,1781000000
1240872300000,1.3017,1.30245,1.3013,1.3018,2054000000
1240873200000,1.3018,1.30315,1.3018,1.30315,1808100000
1240874100000,1.30315,1.3036,1.3027,1.3029,1432400000
1240875000000,1.30285,1.3029,1.3014,1.3024,2298600000
1240875900000,1.30245,1.30335,1.3021,1.3023,2153900000
1240876800000,1.3023,1.3023,1.30055,1.3007,3696200000
1240877700000,1.3007,1.3008,1.2996,1.3,4837500000
1240878600000,1.3,1.30195,1.3,1.30115,3912700000
1240879500000,1.3011,1.3026,1.3008,1.3017,3783200000
1240880400000,1.3018,1.30295,1.30175,1.30245,4232000000
1240881300000,1.30245,1.30245,1.301,1.3015,2337500000
1240882200000,1.3015,1.302,1.3011,1.302,1354500000
1240883100000,1.30195,1.30265,1.3017,1.30235,1595200000
1240884000000,1.30235,1.30305,1.30185,1.30235,1983100000
1240884900000,1.30235,1.30285,1.3016,1.3016,1643200000
1240885800000,1.3016,1.30195,1.30055,1.30155,3905800000
1240886700000,1.30155,1.30185,1.30075,1.30095,1924100000
1240887600000,1.30105,1.3014,1.30045,1.3012,2200500000
1240888500000,1.3012,1.3013,1.30035,1.30125,2178900000
1240889400000,1.3013,1.3024,1.30085,1.30225,2401900000
1240890300000,1.30225,1.30255,1.30155,1.30225,1972000000
1240891200000,1.30225,1.3023,1.29905,1.2996,4208500000
1240892100000,1.2995,1.2998,1.2985,1.2992,5182900000
1240893000000,1.2992,1.30015,1.29895,1.3001,3225200000
1240893900000,1.3001,1.3004,1.2984,1.29905,3686000000
1240894800000,1.29905,1.3005,1.29905,1.3001,3247000000
1240895700000,1.3001,1.30155,1.2999,1.3015,4236400000
1240896600000,1.3015,1.3017,1.30025,1.3015,3634300000
1240897500000,1.3015,1.302,1.3002,1.30065,4611500000
1240898400000,1.30065,1.3019,1.3001,1.3013,4752700000
1240899300000,1.3013,1.3024,1.3013,1.3016,6205000000
1240900200000,1.30155,1.3022,1.30115,1.30165,8551000000
1240901100000,1.30165,1.3018,1.2992,1.3003,9257200000
1240902000000,1.3004,1.30205,1.2996,1.3016,9373100000
1240902900000,1.3016,1.3028,1.3015,1.3021,9423400000
1240903800000,1.3021,1.3037,1.302,1.3034,8324800000
1240904700000,1.3034,1.3036,1.3016,1.3024,9029100000
1240905600000,1.3024,1.30405,1.30235,1.3031,7799100000
1240906500000,1.3031,1.3035,1.30215,1.3025,6496100000
1240907400000,1.3025,1.30295,1.30165,1.3021,7321600000
1240908300000,1.30205,1.3022,1.3006,1.3007,7227100000
1240909200000,1.3007,1.302,1.3002,1.3006,8155800000
1240910100000,1.3006,1.30165,1.2999,1.3,8576800000
1240911000000,1.29995,1.3024,1.29995,1.30225,8443200000
1240911900000,1.30225,1.3024,1.30135,1.302,6984500000
1240912800000,1.302,1.3021,1.30045,1.3011,7162200000
1240913700000,1.30115,1.30175,1.3002,1.30155,9226700000
1240914600000,1.30155,1.30165,1.29975,1.30065,9618100000
1240915500000,1.3007,1.3011,1.2998,1.3003,8443500000
1240916400000,1.3003,1.30165,1.3001,1.3012,8294200000
1240917300000,1.3012,1.3021,1.30095,1.30105,6910000000
1240918200000,1.30105,1.30115,1.2969,1.29725,9846500000
1240919100000,1.29725,1.2996,1.29635,1.2993,8751900000
1240920000000,1.2993,1.2998,1.2986,1.2991,8077600000
1240920900000,1.2991,1.30175,1.2984,1.30175,10206400000
1240921800000,1.30165,1.3031,1.30125,1.30275,9968200000
1240922700000,1.3028,1.3043,1.3027,1.3036,9613700000
1240923600000,1.30355,1.30625,1.30355,1.30515,13186600000
1240924500000,1.30515,1.3054,1.3042,1.30465,8208800000
1240925400000,1.30465,1.30615,1.30425,1.3053,9092600000
1240926300000,1.30525,1.30655,1.3048,1.30485,8097300000
1240927200000,1.3049,1.30775,1.3049,1.3067,10838400000
1240928100000,1.3067,1.3082,1.3056,1.3061,9628000000
1240929000000,1.3061,1.30775,1.3057,1.3072,7197200000
1240929900000,1.3072,1.3083,1.30665,1.3079,7887544297
1240930800000,1.30795,1.30875,1.3069,1.30815,10536944297
1240931700000,1.30825,1.30865,1.3065,1.3073,5799763148
1240932600000,1.30735,1.30785,1.30625,1.30635,5068654396
1240933500000,1.30635,1.30655,1.3052,1.30595,5183765788
1240934400000,1.30595,1.3069,1.30595,1.3063,3650100000
1240935300000,1.3062,1.3076,1.3059,1.30715,3471900000
1240936200000,1.30715,1.3098,1.30715,1.30845,6098875878
1240937100000,1.3085,1.3113,1.3081,1.31105,5945188600
1240938000000,1.3111,1.31125,1.3098,1.3105,5958600000
1240938900000,1.31055,1.3119,1.31,1.31155,4139100000
1240939800000,1.31155,1.3131,1.3114,1.31215,3872700000
1240940700000,1.31215,1.3133,1.3117,1.31195,4096250000
1240941600000,1.31195,1.3127,1.31195,1.3126,2095900000
1240942500000,1.3126,1.31475,1.31215,1.3147,2875200000
1240943400000,1.31475,1.3166,1.31465,1.3155,6421600000
1240944300000,1.3156,1.3159,1.31405,1.3146,2976500000
1240945200000,1.31455,1.3159,1.31445,1.31485,2488600000
1240946100000,1.3149,1.315,1.31425,1.31435,2200800000
1240947000000,1.3143,1.31445,1.3135,1.3136,2900700000
1240947900000,1.3136,1.3147,1.31355,1.31425,2320925988
1240948800000,1.31425,1.3144,1.314,1.3143,1155600000
1240949700000,1.31435,1.3155,1.31415,1.31535,2212100000
1240950600000,1.3153,1.31545,1.31425,1.3151,2031800000
1240951500000,1.31505,1.3151,1.3146,1.31475,1069564970
1240952400000,1.31475,1.31495,1.3146,1.31475,394400000
1240953300000,1.3148,1.3149,1.31415,1.31455,1909500000
1240954200000,1.31455,1.31475,1.31385,1.31415,1422100000
1240955100000,1.31415,1.31425,1.31345,1.31355,1108100000
1240956000000,1.31355,1.3138,1.3131,1.31375,748900000
1240956900000,1.31375,1.3146,1.3137,1.31405,947200000
1240957800000,1.31405,1.3142,1.31344,1.3135,1186500000
1240958700000,1.3135,1.3135,1.3126,1.3127,1286800000
1240959600000,1.31275,1.31323,1.3122,1.31235,1284900000
1240960500000,1.31226,1.3127,1.31203,1.31203,1340400000
1240961400000,1.31205,1.3134,1.31205,1.31325,787800000
1240962300000,1.31325,1.3134,1.31292,1.3131,1370000000
1240963200000,1.31305,1.3134,1.312,1.31285,4026100000
1240964100000,1.31285,1.3157,1.3128,1.315,5314700000
1240965000000,1.31495,1.3154,1.31405,1.31455,3545100000
1240965900000,1.31455,1.3158,1.31385,1.31535,3996200000
1240966800000,1.3154,1.3157,1.3147,1.3151,2744900000
1240967700000,1.3151,1.3166,1.315,1.31545,4432800000
1240968600000,1.31545,1.3159,1.315,1.3152,2048800000
1240969500000,1.3152,1.3159,1.31455,1.3148,2230400000
1240970400000,1.3147,1.31575,1.31455,1.31455,2430725988
1240971300000,1.31445,1.315,1.31405,1.3145,3411100000
1240972200000,1.3145,1.31575,1.3145,1.3156,2856200000
1240973100000,1.3156,1.316,1.3151,1.3159,2189500000
1240974000000,1.316,1.31735,1.31585,1.31735,3382600000
1240974900000,1.3173,1.3196,1.3173,1.3194,5401800000
1240975800000,1.3193,1.3197,1.31855,1.3193,3243300000
1240976700000,1.3193,1.31935,1.31835,1.3187,2742400000
1240977600000,1.3187,1.3189,1.31795,1.3185,2332400000
1240978500000,1.3185,1.319,1.31845,1.3185,2236400000
1240979400000,1.3185,1.3189,1.31765,1.3179,2039200000
1240980300000,1.3179,1.31805,1.31705,1.3172,2555700000
1240981200000,1.3171,1.3186,1.31695,1.3186,3143500000
1240982100000,1.3186,1.3209,1.31825,1.32015,4748500000
1240983000000,1.32015,1.3214,1.3197,1.32,4795300000
1240983900000,1.32,1.3208,1.3185,1.3186,4716512994
1240984800000,1.31855,1.3196,1.3185,1.3187,6373412994
1240985700000,1.3187,1.3208,1.3187,1.31975,7160900000
1240986600000,1.3198,1.3207,1.31875,1.31975,7899877964
1240987500000,1.31975,1.31995,1.3181,1.3182,8733977964
1240988400000,1.31815,1.3186,1.3173,1.3179,6749764970
1240989300000,1.3179,1.3188,1.31775,1.3184,6406300000
1240990200000,1.3184,1.3203,1.3184,1.319,10586464970
1240991100000,1.31895,1.3195,1.31775,1.31835,7108512994
1240992000000,1.31835,1.3201,1.31835,1.3196,7392925988
1240992900000,1.3197,1.3197,1.3182,1.3182,6855794912
1240993800000,1.31815,1.3202,1.3179,1.3202,5794255932
1240994700000,1.3202,1.32265,1.31985,1.3222,10459881920
1240995600000,1.3222,1.32315,1.3211,1.3216,7152300000
1240996500000,1.3217,1.3237,1.3216,1.3233,9569500000
1240997400000,1.3233,1.324,1.3224,1.3238,6984700000
1240998300000,1.32375,1.32465,1.32345,1.32405,7947500000
1240999200000,1.32405,1.3244,1.323,1.3231,5646200000
1241000100000,1.3231,1.32415,1.32295,1.32295,6903200000
1241001000000,1.323,1.32505,1.32295,1.3245,9308800000
1241001900000,1.3245,1.32585,1.3244,1.32465,7768300000
1241002800000,1.3247,1.3249,1.32355,1.3242,6715100000
1241003700000,1.3243,1.3261,1.32415,1.32605,6984700000
1241004600000,1.32605,1.32765,1.3255,1.32755,6857200000
1241005500000,1.32755,1.32775,1.32625,1.32625,7677200000
1241006400000,1.32625,1.3267,1.3251,1.32612,6126800000
1241007300000,1.32617,1.327,1.32615,1.3265,7604400000
1241008200000,1.3264,1.3264,1.32435,1.325,9213200000
1241009100000,1.3249,1.3255,1.32315,1.3248,7014399982
1241010000000,1.3248,1.3249,1.32265,1.3227,7530249949
1241010900000,1.32265,1.3237,1.3223,1.3234,7215249979
1241011800000,1.32335,1.32455,1.323,1.3237,9220074947
1241012700000,1.3237,1.3265,1.3234,1.3256,8274849923
1241013600000,1.3257,1.32585,1.3242,1.325,6613449991
1241014500000,1.325,1.3258,1.3245,1.32565,7302249957
1241015400000,1.32565,1.3269,1.3254,1.3261,6995500000
1241016300000,1.32615,1.3268,1.3255,1.32675,8435300000
1241017200000,1.32675,1.32725,1.326,1.32645,7976100000
1241018100000,1.3264,1.33175,1.32625,1.33055,12276300000
1241019000000,1.33055,1.33275,1.3304,1.3312,8039600000
1241019900000,1.3312,1.3339,1.3311,1.3323,7379300000
1241020800000,1.3323,1.3328,1.3313,1.33195,4581400000
1241021700000,1.33205,1.33315,1.3315,1.3319,4126700000
1241022600000,1.33185,1.3328,1.3309,1.33235,4711500000
1241023500000,1.33235,1.33305,1.33215,1.33235,3573000000
1241024400000,1.33235,1.3337,1.332,1.3325,3185000000
1241025300000,1.3325,1.3334,1.33175,1.3332,3368700000
1241026200000,1.33315,1.3333,1.33205,1.3324,2566700000
1241027100000,1.3324,1.33285,1.33215,1.3325,2542700000
1241028000000,1.3324,1.3339,1.33235,1.33347,3095500000
1241028900000,1.33337,1.33385,1.3258,1.327,10002500000
1241029800000,1.32695,1.3301,1.3256,1.32885,7831100000
1241030700000,1.32895,1.3301,1.3271,1.3294,6398300000
1241031600000,1.3294,1.3294,1.32745,1.3279,4643900000
1241032500000,1.32795,1.3281,1.32425,1.32565,3040100000
1241033400000,1.32565,1.32695,1.32495,1.32505,3140200000
1241034300000,1.32505,1.3253,1.32335,1.32495,4282100000
1241035200000,1.32485,1.3266,1.32465,1.3264,2390300000
1241036100000,1.32645,1.32655,1.3258,1.32635,1218700000
1241037000000,1.32635,1.3277,1.3262,1.32745,1603700000
1241037900000,1.32745,1.32745,1.3267,1.32698,632700000
1241038800000,1.32697,1.32753,1.32565,1.32605,788700000
1241039700000,1.32597,1.327,1.3258,1.3261,739000000
1241040600000,1.3261,1.32625,1.32535,1.32545,1258400000
1241041500000,1.3254,1.32555,1.32493,1.3252,1186300000
1241042400000,1.3252,1.3257,1.32505,1.32505,790100000
1241043300000,1.32515,1.32555,1.32495,1.32525,756200000
1241044200000,1.32525,1.3258,1.32445,1.32545,1478100000
1241045100000,1.32545,1.3266,1.32545,1.3263,1484800000
1241046000000,1.32615,1.32615,1.32511,1.3254,1466800000
1241046900000,1.3255,1.3277,1.3255,1.3274,1790800000
1241047800000,1.3274,1.3277,1.32635,1.327,1649200000
1241048700000,1.3269,1.32715,1.32655,1.32655,1307400000
1241049600000,1.32655,1.33005,1.326,1.33005,5513100000
1241050500000,1.33,1.3308,1.3295,1.32965,4318100000
1241051400000,1.3296,1.3322,1.32945,1.33135,5502000000
1241052300000,1.3314,1.3314,1.329,1.3295,4790500000
1241053200000,1.3295,1.3298,1.3284,1.3286,3112100000
1241054100000,1.3286,1.3298,1.3285,1.3294,2990300000
1241055000000,1.3294,1.33075,1.3294,1.33,5079600000
1241055900000,1.33,1.3309,1.3297,1.3306,3467900000
1241056800000,1.33055,1.33055,1.3291,1.32955,2116000000
1241057700000,1.32955,1.33045,1.3293,1.33025,2343000000
1241058600000,1.33025,1.3307,1.33005,1.33035,2049400000
1241059500000,1.33025,1.3318,1.3298,1.33135,2786300000
1241060400000,1.3314,1.3328,1.3313,1.33215,2818900000
1241061300000,1.3321,1.33275,1.3312,1.33175,2076200000
1241062200000,1.33175,1.33375,1.3316,1.3324,3691800000
1241063100000,1.33245,1.3326,1.331,1.33105,2785700000
1241064000000,1.33105,1.33105,1.3267,1.32795,4816800000
1241064900000,1.3279,1.3283,1.32665,1.32795,3808500000
1241065800000,1.328,1.3285,1.32675,1.32715,3288600000
1241066700000,1.3272,1.3287,1.32705,1.3285,2945500000
1241067600000,1.32835,1.3286,1.3273,1.32735,2597300000
1241068500000,1.3274,1.3296,1.3274,1.3293,3118500000
1241069400000,1.3293,1.3293,1.32835,1.3288,3261096297
1241070300000,1.3288,1.3311,1.3288,1.3307,4470200000
1241071200000,1.3307,1.33305,1.3297,1.33225,5992800000
1241072100000,1.33225,1.33405,1.3315,1.3322,7384100000
1241073000000,1.3322,1.33655,1.33215,1.33635,6591000000
1241073900000,1.33635,1.3381,1.33575,1.33625,9785800000
1241074800000,1.33625,1.3365,1.3353,1.33625,7201300000
1241075700000,1.33625,1.3364,1.3349,1.3352,7093000000
1241076600000,1.3352,1.33855,1.3351,1.3372,9201900000
1241077500000,1.3373,1.3383,1.3366,1.33755,8433100000
1241078400000,1.3375,1.33775,1.3354,1.3355,7933800000
1241079300000,1.33555,1.33635,1.3351,1.3353,7080300000
1241080200000,1.3353,1.33605,1.3334,1.3342,9215150000
1241081100000,1.33415,1.33505,1.33335,1.33355,6502500000
1241082000000,1.33355,1.3336,1.33105,1.3315,8493700000
1241082900000,1.3315,1.33255,1.33025,1.3317,7392427992
1241083800000,1.33175,1.3321,1.3291,1.33065,8570900000
1241084700000,1.33065,1.3312,1.3289,1.3295,7375800000
1241085600000,1.3295,1.33215,1.32935,1.33165,6836600000
1241086500000,1.33165,1.3322,1.3302,1.3312,7746500000
1241087400000,1.3311,1.3315,1.33055,1.33085,7018300000
1241088300000,1.33085,1.3313,1.3271,1.32815,9663500000
1241089200000,1.32805,1.3283,1.32505,1.32605,9559100000
1241090100000,1.32605,1.3282,1.326,1.328,5254300000
1241091000000,1.328,1.3294,1.3272,1.32765,7175800000
1241091900000,1.32755,1.32895,1.3266,1.32875,7113300000
1241092800000,1.32865,1.32935,1.3273,1.3274,8692700000
1241093700000,1.3274,1.3282,1.3267,1.3272,6673700000
1241094600000,1.32705,1.3272,1.32375,1.32405,8537600000
1241095500000,1.32405,1.3242,1.3219,1.3232,7912700000
1241096400000,1.3232,1.32385,1.32085,1.32165,7905900000
1241097300000,1.32165,1.32275,1.3199,1.3227,9298000000
1241098200000,1.3228,1.3228,1.31905,1.3225,10164900000
1241099100000,1.32245,1.3232,1.3206,1.3207,9125200000
1241100000000,1.3207,1.3247,1.3207,1.3235,8358700000
1241100900000,1.32345,1.3244,1.3232,1.3244,6500500000
1241101800000,1.32445,1.3246,1.323,1.3234,7770300000
1241102700000,1.3234,1.3252,1.32195,1.325,9054700000
1241103600000,1.32508,1.32635,1.32472,1.32575,9421050000
1241104500000,1.32565,1.3278,1.3256,1.3256,8978000000
1241105400000,1.3257,1.3259,1.32255,1.3228,9021500000
1241106300000,1.3228,1.3251,1.32235,1.3243,6281400000
1241107200000,1.3243,1.3254,1.3241,1.32445,3850000000
1241108100000,1.32445,1.3262,1.32425,1.3248,4450200000
1241109000000,1.32478,1.3249,1.3226,1.3226,3455000000
1241109900000,1.3226,1.3226,1.3201,1.32085,4985000000
1241110800000,1.3209,1.3235,1.32065,1.3232,3252390995
1241111700000,1.3232,1.32365,1.32165,1.32255,3380490995
1241112600000,1.32255,1.3244,1.3223,1.32435,3906900000
1241113500000,1.32435,1.32465,1.32325,1.32435,2887950000
1241114400000,1.32435,1.32525,1.3239,1.3245,3190090995
1241115300000,1.3245,1.3257,1.3242,1.32535,4462200000
1241116200000,1.32535,1.326,1.3245,1.3247,2885200000
1241117100000,1.3247,1.3263,1.3243,1.3262,3560400000
1241118000000,1.3262,1.3264,1.3237,1.324,5154954975
1241118900000,1.324,1.324,1.3227,1.323,4047190995
1241119800000,1.323,1.3246,1.323,1.3237,2094200000
1241120700000,1.32375,1.3246,1.323,1.32305,1664600000
1241121600000,1.32305,1.3231,1.3222,1.32255,1456700000
1241122500000,1.32255,1.3229,1.32145,1.3227,1524800000
1241123400000,1.32265,1.32315,1.3225,1.32255,633400000
1241124300000,1.32255,1.32335,1.32255,1.32295,712700000
1241125200000,1.32285,1.3229,1.32195,1.32215,736500000
1241126100000,1.3221,1.32275,1.32205,1.3225,1090800000
1241127000000,1.32245,1.32255,1.32185,1.3225,817600000
1241127900000,1.32245,1.3227,1.32224,1.32235,735200000
1241128800000,1.32235,1.3229,1.32191,1.3223,808000000
1241129700000,1.3223,1.3226,1.3218,1.322,1464300000
1241130600000,1.322,1.32265,1.3218,1.32215,616000000
1241131500000,1.32215,1.3233,1.32215,1.3233,785700000
1241132400000,1.32325,1.3249,1.323,1.3243,1487600000
1241133300000,1.3245,1.3245,1.32337,1.32375,986800000
1241134200000,1.32375,1.32435,1.3236,1.32425,933400000
1241135100000,1.3242,1.3247,1.3239,1.3244,2248400000
